6.094193327479062727e-01 8.455338372599525698e-01 2.780318129169166430e-01
6.166093304292755706e-01 8.452315416023044037e-01 2.780834895524211259e-01
6.092779463627242542e-01 8.520150274860961437e-01 2.781723507645457172e-01
6.163066332593823970e-01 8.518813618777210106e-01 2.782608715595853988e-01
6.091129265681853866e-01 8.589134110564278224e-01 2.781169439880599170e-01
6.161411918863554105e-01 8.588511482561693722e-01 2.781592691216810964e-01
5.940641833744565448e-01 8.964388714936175617e-01 2.782103070267428202e-01
6.016258304073900387e-01 8.959821648080169565e-01 2.784121894956850252e-01
6.237212928713258275e-01 9.032849782134103611e-01 2.784135664178504221e-01
6.167599383769433175e-01 9.104694568686534373e-01 2.780649618393332689e-01
6.095581724512717514e-01 8.312064222101875899e-01 2.851220060369923925e-01
6.024375264296859545e-01 8.388513187633495072e-01 2.854066876557723731e-01
6.092883353752541753e-01 8.388520542044106687e-01 2.855048736972947698e-01
6.168198817160430725e-01 8.385379497339412458e-01 2.852085547072722438e-01
5.948272982089163330e-01 8.456037525906534569e-01 2.853945742164166743e-01
6.025144598772578242e-01 8.455064585153339030e-01 2.857480634646786810e-01
6.093458563838275444e-01 8.457305957356463511e-01 2.857565715900258763e-01
6.164052812212855725e-01 8.455874275576046317e-01 2.853888234197655693e-01
5.948367959339381228e-01 8.524063901814256106e-01 2.856478876058601291e-01
6.024632929529328829e-01 8.523612705690707392e-01 2.859470187775083883e-01
6.094150133364590882e-01 8.521536760709615965e-01 2.859710854164043692e-01
6.160463958540838281e-01 8.520342970216330247e-01 2.857021112889208125e-01
5.948540665109880443e-01 8.591567447192467455e-01 2.857102230342743465e-01
6.021659403569987745e-01 8.589557973418125991e-01 2.857548421125172267e-01
6.091555911158565983e-01 8.585998684667922598e-01 2.859514796124882352e-01
6.161647269568504282e-01 8.586950093687072405e-01 2.858550129389708649e-01
6.235903321352149753e-01 8.587897944653606341e-01 2.858471540810239575e-01
6.019083331573199525e-01 8.659367094135742571e-01 2.855064740158092529e-01
6.092185348829517455e-01 8.660815716498790895e-01 2.857831166178158022e-01
6.161537633425744342e-01 8.660060383947206786e-01 2.858855444188613815e-01
5.528154902023635353e-01 8.744252706365022165e-01 2.850607645981036997e-01
5.593472731981453672e-01 8.744144468836483330e-01 2.853704937783749229e-01
5.662669336416757959e-01 8.742270358017500964e-01 2.855435610949308978e-01
6.020029314067676385e-01 8.736306968100275849e-01 2.855067165159468345e-01
6.092509361695787051e-01 8.736687826619595754e-01 2.858200734698639889e-01
6.159479973405765918e-01 8.735684545993686045e-01 2.859201564616176694e-01
5.397100255180491413e-01 8.812939935857618812e-01 2.850503861893442514e-01
5.528071661250132385e-01 8.813036867819042941e-01 2.850964912824679454e-01
5.591567822235267160e-01 8.811823801800722222e-01 2.853977902062395100e-01
5.660078287645647910e-01 8.809119877538040821e-01 2.855335578583664824e-01
5.864565178825247305e-01 8.810152450863327767e-01 2.856520278638551846e-01
5.944844324818684411e-01 8.808999973259681315e-01 2.858562510017474967e-01
6.021915995984717940e-01 8.809524580940706340e-01 2.858717300395968719e-01
6.091923181170815216e-01 8.810033248690879448e-01 2.858733635413531204e-01
6.161083420789023046e-01 8.811837002497542315e-01 2.860259192468646572e-01
6.236078493439175530e-01 8.813338087784470254e-01 2.863175838541062168e-01
5.398349595877524054e-01 8.880736352501762410e-01 2.850792725641855263e-01
5.464217819654874075e-01 8.880077363170997273e-01 2.850048824770715639e-01
5.528480717253001497e-01 8.880392799052078123e-01 2.851349012655400306e-01
5.591317004378583144e-01 8.883152572936784397e-01 2.852924642756540785e-01
5.658807639782853505e-01 8.883993755303424278e-01 2.854847425182444054e-01
6.387186345595160519e-01 8.888105976423160692e-01 2.859780856742999977e-01
5.395809708888370526e-01 8.950399198829783742e-01 2.850491258584358367e-01
5.463664868601449953e-01 8.948444895303303559e-01 2.851549081354926019e-01
5.531637092330202732e-01 8.950516548047234844e-01 2.854260657551175306e-01
6.388951503842974500e-01 8.959809889520001791e-01 2.859027920352495977e-01
5.941287939051308475e-01 9.104124380390526960e-01 2.855274285882679619e-01
6.309816224756094050e-01 9.103688823651309159e-01 2.857483972882999268e-01
6.014260806911380097e-01 9.176713423005976589e-01 2.854306249824005159e-01
6.089836603736058507e-01 9.176134316894261067e-01 2.855940294097628063e-01
6.312683085434285246e-01 9.172321194004410261e-01 2.855032315785572816e-01
6.027565342214401545e-01 8.317858646451021798e-01 2.922855478698641596e-01
6.096251794716649464e-01 8.315069710124589619e-01 2.925719252263256909e-01
5.952877327920513828e-01 8.391850156027631513e-01 2.924969257937996003e-01
6.026174058108165754e-01 8.391546194291489291e-01 2.925391494445152563e-01
6.092246360908625258e-01 8.389539100999685584e-01 2.925710195826989879e-01
6.166213880288871074e-01 8.385952041380710931e-01 2.925877274298622766e-01
5.953711295379899848e-01 8.460046990669729539e-01 2.926703256015683596e-01
6.024995170730461647e-01 8.459280747686797053e-01 2.928928090272222562e-01
6.090749899715265370e-01 8.458817878087302455e-01 2.925597591643494533e-01
6.161638318389637270e-01 8.455994618838039711e-01 2.924654569530688031e-01
5.878772341504451271e-01 8.527731299130901776e-01 2.925772585558495398e-01
5.952242403513278157e-01 8.525937404820816967e-01 2.929742759304122535e-01
6.024253626541344886e-01 8.523738362900457055e-01 2.931182928153366896e-01
6.089762068481492374e-01 8.522990175124729451e-01 2.925931413585903251e-01
6.159666848949264528e-01 8.523096062457302668e-01 2.924400139709463775e-01
6.236589434498527318e-01 8.521702578258634198e-01 2.925431545513989540e-01
5.877210272141828451e-01 8.594226391875694482e-01 2.927902565340346208e-01
5.949443206609120738e-01 8.591495579570297414e-01 2.931472640188148571e-01
6.022333389063452280e-01 8.589274564120777944e-01 2.932253253936379367e-01
6.090864122209296294e-01 8.589156240957688260e-01 2.930738265615048799e-01
6.160204107589329903e-01 8.591460865397403390e-01 2.929579754523354840e-01
6.235764959300682531e-01 8.591224979747108526e-01 2.929377478942275514e-01
5.530945362583308267e-01 8.675664816481968300e-01 2.921286457409401627e-01
5.596568972492845795e-01 8.677162416648985799e-01 2.923609647052807792e-01
5.872266529410525848e-01 8.663879578671799253e-01 2.929102686821872248e-01
5.948318569924259114e-01 8.661265721338620160e-01 2.932684059000011945e-01
6.020545626183984034e-01 8.660173360677633214e-01 2.935620055180402366e-01
6.093645680643139384e-01 8.661105954988489453e-01 2.936074839273331571e-01
6.160661904973762093e-01 8.662202193795959237e-01 2.935861676750603499e-01
5.329545989786077520e-01 8.742365441130757198e-01 2.921076353467830233e-01
5.394497840824075130e-01 8.744067757118414441e-01 2.920974014009547481e-01
5.465343728012093116e-01 8.746860345249184432e-01 2.921153627428138000e-01
5.532811100100596402e-01 8.745830590578336228e-01 2.922503867468106975e-01
6.236640337543544188e-01 8.738289559490624026e-01 2.937510667355731075e-01
5.329104605855874421e-01 8.814200922123881510e-01 2.923289206495772730e-01
5.398411796289989129e-01 8.815495964761498326e-01 2.922633038236218672e-01
5.464272315312930228e-01 8.816267763531820956e-01 2.923646948745488583e-01
5.530440111566375938e-01 8.813738549668778122e-01 2.924195222390228444e-01
5.596210028015334847e-01 8.811377392833941169e-01 2.929741373729420340e-01
5.946421619624017163e-01 8.812220518571807215e-01 2.938548552925662194e-01
6.021279544904463155e-01 8.811518867502561303e-01 2.938254857130248032e-01
6.092209534591663811e-01 8.811905306215380707e-01 2.938180135414633076e-01
6.163201518018111003e-01 8.814204287217141109e-01 2.939172501217042766e-01
6.307785164830181923e-01 8.810746233104929104e-01 2.937280337152541332e-01
5.397797792052092536e-01 8.882342019795554933e-01 2.926576432251605242e-01
5.463820379009270978e-01 8.881170098367433541e-01 2.926774238876658774e-01
5.660599385592434141e-01 8.885877573782510197e-01 2.932977401192284339e-01
5.730396687600939343e-01 8.886799153370340543e-01 2.933423170697728732e-01
5.946250190254299683e-01 8.886601683073469538e-01 2.939067169894868381e-01
6.021088386290018857e-01 8.887113154744564758e-01 2.940268794425229815e-01
6.094558450386822201e-01 8.888295136586848999e-01 2.940966662448117885e-01
6.163309258129584522e-01 8.888564734591547500e-01 2.940961369246712365e-01
6.385498583758554281e-01 8.887552649780799952e-01 2.933671480094989792e-01
5.394733220886213099e-01 8.952194070053198782e-01 2.930338026335828072e-01
5.597604548567547411e-01 8.956394495254809129e-01 2.932031568221659668e-01
5.662048788879375794e-01 8.957844410456192730e-01 2.934960890660842092e-01
5.947597181609124428e-01 8.958929682112638515e-01 2.937215286521432378e-01
6.095134475369782256e-01 8.958205349239813930e-01 2.942589553096114918e-01
6.162647534235312641e-01 8.959440426223584941e-01 2.943531187396101201e-01
5.171188891996478798e-01 9.034559319773385333e-01 2.929650572791821506e-01
5.535398484512261685e-01 9.022375905039253796e-01 2.931729158745906005e-01
5.599380736687575855e-01 9.025420232402902032e-01 2.931710869642933370e-01
5.946400402145298747e-01 9.033353718982255476e-01 2.937164478586457572e-01
6.019165648369502186e-01 9.030411915006945067e-01 2.939153456615851145e-01
5.242488335203272509e-01 9.107066958921905542e-01 2.930236908194055467e-01
6.015185053794603887e-01 9.101284775399923754e-01 2.938742805935027902e-01
6.090939198467292259e-01 9.099151270078144060e-01 2.937583562633231393e-01
6.383381858476799842e-01 9.099696227110860569e-01 2.930351175535833019e-01
5.309438446372127807e-01 9.182564848332990248e-01 2.930498872870063165e-01
6.385196549638066932e-01 9.174061319765988154e-01 2.927240232159731281e-01
5.379705888305134076e-01 9.253491403960560913e-01 2.931563328545430114e-01
6.314002054562978250e-01 9.242786021923984352e-01 2.927830364956858777e-01
5.527720130716897717e-01 9.324255295622342343e-01 2.928856508407415848e-01
5.598833750095116857e-01 9.321623097136494396e-01 2.926766822697932646e-01
5.666931430495659727e-01 9.318568036748933192e-01 2.925533850120111135e-01
5.737016617729802093e-01 9.319442578807825006e-01 2.926206848994122867e-01
5.805592466141739072e-01 9.319140095736289098e-01 2.927242518392386694e-01
5.873166392266219171e-01 9.316626874231672684e-01 2.927301516902651723e-01
5.939665873634130122e-01 9.314987773894894962e-01 2.928021573949768919e-01
6.012403862489312800e-01 9.314822396646798008e-01 2.926620357073965728e-01
6.089563841670296851e-01 9.316588698304294480e-01 2.924338912773042920e-01
6.164939517251751822e-01 9.317230786797271458e-01 2.925475130734989104e-01
6.238401831760042038e-01 9.319278488329316712e-01 2.926516782572282649e-01
5.953156318782623080e-01 8.318850954390714092e-01 2.993561021047458914e-01
6.028518906857139870e-01 8.319140795335490113e-01 2.995616672484407994e-01
6.098251114715170784e-01 8.316931493822862231e-01 2.996527053786099959e-01
6.166956492951684021e-01 8.313441431828699768e-01 2.998044216533590212e-01
5.881285935848812318e-01 8.391922152557701464e-01 2.991363612737646949e-01
5.956094926110832022e-01 8.394348174809092011e-01 2.995788737379068700e-01
6.025049721431168237e-01 8.394241090935766758e-01 2.996874313692763359e-01
6.094115343895550874e-01 8.389216328542323797e-01 2.998145546253741522e-01
6.164996253417076577e-01 8.385878650204517948e-01 2.998415341993725947e-01
5.881171175532293738e-01 8.461391836733268557e-01 2.993848331602537161e-01
5.957067497863959282e-01 8.460093416439015135e-01 2.996988141275260809e-01
6.023856433082571682e-01 8.460472162452332689e-01 2.997275187395023188e-01
6.089065633649104470e-01 8.457634776799157761e-01 2.997087292270629866e-01
6.162580759206958136e-01 8.454747145148268084e-01 2.998124173831844819e-01
6.235766060015653922e-01 8.452659054898604696e-01 2.996256001218658982e-01
5.881411560176487141e-01 8.530412579905185533e-01 2.996850495299532846e-01
5.955231470199365829e-01 8.529901873098963971e-01 2.998543005417201313e-01
6.022088533391695142e-01 8.526021063102771080e-01 2.998383870463238177e-01
6.086863284384681494e-01 8.525476244630850742e-01 2.997438996465692229e-01
6.162096674181377631e-01 8.524977856649116337e-01 2.998941033029361436e-01
6.234627786166263563e-01 8.525205450966877319e-01 2.997991515295655440e-01
5.461220717265642399e-01 8.605221384675202367e-01 2.993144682398296563e-01
5.666584038340410912e-01 8.602942902364291156e-01 2.995290696082668069e-01
5.736261993845760410e-01 8.600951045107910753e-01 2.997614422327261607e-01
5.806355936703546661e-01 8.600187252021926909e-01 2.999818450715404095e-01
5.880317784048588736e-01 8.597846986418170578e-01 3.000363748526571617e-01
5.951851308362277049e-01 8.593921023171651186e-01 3.003118381730670583e-01
6.020782214018290945e-01 8.592498694563531769e-01 3.002619118624053618e-01
6.089373003460125666e-01 8.594921821359902125e-01 3.000984397950402505e-01
6.160387640184815661e-01 8.596635818589338784e-01 3.000494898500799534e-01
6.235773619004328916e-01 8.594676733830917126e-01 2.999949545555685715e-01
5.396410324656165658e-01 8.671477831045157902e-01 2.992606422077251915e-01
5.531469731150567837e-01 8.677120071841462057e-01 2.996721911395195947e-01
6.234684462675065264e-01 8.667802464129853446e-01 3.005021828468864564e-01
5.325812156454023949e-01 8.743954280663279732e-01 2.994556542198565929e-01
5.800684042209767188e-01 8.744752536399185150e-01 3.008157348278825416e-01
5.873999434097990635e-01 8.740960754433350077e-01 3.010770163860316817e-01
5.948998717678943837e-01 8.739843125843361760e-01 3.012579564364474827e-01
6.020799503692200183e-01 8.738770418185605182e-01 3.012486913647581810e-01
6.092557358456437422e-01 8.738769564205064455e-01 3.011805175549511771e-01
6.160939266888366683e-01 8.738813389358108807e-01 3.010900968138571221e-01
5.325897465301751010e-01 8.818314184112391318e-01 2.998477482338465228e-01
5.534665383312643572e-01 8.816910243512036116e-01 3.001825099554030762e-01
5.599593164772578291e-01 8.813082687650186653e-01 3.003930178319214606e-01
5.658308014626449722e-01 8.812478557191812945e-01 3.004447727156561720e-01
5.730335394156359508e-01 8.813512800371076095e-01 3.005024910999097854e-01
5.800649194499976069e-01 8.814576836447614028e-01 3.007546847961795056e-01
5.871195169512355427e-01 8.814966291113314201e-01 3.010745351833262196e-01
5.948359276876303836e-01 8.813130445990051687e-01 3.013264091696346569e-01
6.093260567469958033e-01 8.814375886968134344e-01 3.014617131645372927e-01
6.162405420871545081e-01 8.816198042162379789e-01 3.014356237632887514e-01
6.233558699991228469e-01 8.815478656529330825e-01 3.011069049888951965e-01
5.465254059132336195e-01 8.886084470735079455e-01 3.001620716121604637e-01
5.532403238659271416e-01 8.886088500478414032e-01 3.006058975169517700e-01
5.597295451555736046e-01 8.885524909796873594e-01 3.006733341342356369e-01
5.660925866772109627e-01 8.887081857787566541e-01 3.007014034895234555e-01
5.730021198530536042e-01 8.888827088905020268e-01 3.006483219299624365e-01
5.800567224249280063e-01 8.886191915362164906e-01 3.008007265788504303e-01
5.870716348085758263e-01 8.885037333176399876e-01 3.011011732904268490e-01
5.948566507716502860e-01 8.885643320335117057e-01 3.012996262392708124e-01
6.022132029233852046e-01 8.887037786794944605e-01 3.014518746533048632e-01
6.094898536185177074e-01 8.889067776660450892e-01 3.015272988566046197e-01
6.162283629014735364e-01 8.889546786583681914e-01 3.015334542406398755e-01
6.231382196813466390e-01 8.887916894158079950e-01 3.013750512810225990e-01
6.460538906275775650e-01 8.885782584126301620e-01 3.002688579466305518e-01
5.097520057867719334e-01 8.964212846119328226e-01 3.006661441803585855e-01
5.395061260697903149e-01 8.955782310361757315e-01 3.004763507660027644e-01
5.465083543184522386e-01 8.954668677365282825e-01 3.005706738978141113e-01
5.532388928109467363e-01 8.954316205118750815e-01 3.005717102759510873e-01
5.599045284177266435e-01 8.954921487385762990e-01 3.005222677111498708e-01
5.664435014396038692e-01 8.958926527895523240e-01 3.006845767443429573e-01
5.728824866511352809e-01 8.960259794732465810e-01 3.009892992257029998e-01
5.797757793828217654e-01 8.958439010745621323e-01 3.011245612637776792e-01
5.871384196294976432e-01 8.959060056181369358e-01 3.012535042175459865e-01
5.949239789851691329e-01 8.959812677024709959e-01 3.013306815052785304e-01
6.022863069512540690e-01 8.959107729455886293e-01 3.014291451661270105e-01
6.096263973157769467e-01 8.958764115467783284e-01 3.013886815631467431e-01
6.161997137461573404e-01 8.959869065303379676e-01 3.013441838572133991e-01
6.229899081107439507e-01 8.959269975931642982e-01 3.013093253167042351e-01
6.461578767434011938e-01 8.958908199715805987e-01 3.004179277979815432e-01
5.094788262826965841e-01 9.038115331472560410e-01 3.008296097509255418e-01
5.392452517815827795e-01 9.024209832877271298e-01 3.008684185721260396e-01
5.465070870502547473e-01 9.022764322346713550e-01 3.008214714318849792e-01
5.532143895312662263e-01 9.023113622236442755e-01 3.005288947274583622e-01
5.601149113465289098e-01 9.024519691049520675e-01 3.003439022553489046e-01
5.667130764280441380e-01 9.025450906702762177e-01 3.007802613236762457e-01
5.728743484447540446e-01 9.026865348791471844e-01 3.012584766467446551e-01
5.798966607775132287e-01 9.028849951184596545e-01 3.013703643522271935e-01
5.873510117187110691e-01 9.031435399097202943e-01 3.012414987373560615e-01
5.947984317700415469e-01 9.031695196383067170e-01 3.012394731817588656e-01
6.095126747909674902e-01 9.025436632713297325e-01 3.015804568437467914e-01
6.163683557269720170e-01 9.024964486120906626e-01 3.013345576825133265e-01
6.229655235797588730e-01 9.027561034405038320e-01 3.011536946130906611e-01
6.463010812356825285e-01 9.031892946551571821e-01 3.007217502037328183e-01
5.391078721281890029e-01 9.098180284735427614e-01 3.011089311096445953e-01
5.463290067844243092e-01 9.096002173259434276e-01 3.010537453765445570e-01
5.533590497424691890e-01 9.094717157864561363e-01 3.007469108991699391e-01
5.601450003323128479e-01 9.094726522827952797e-01 3.003887201342097524e-01
5.667508124419869953e-01 9.094636127499505784e-01 3.007940638005456857e-01
5.731922727185012612e-01 9.096983580508919420e-01 3.011408562684132484e-01
5.801527064904757891e-01 9.100667102383914742e-01 3.011661735723996647e-01
5.874783075007078414e-01 9.102218488748482494e-01 3.010060222675333130e-01
5.946851770158733119e-01 9.101939876168166910e-01 3.009000814141676861e-01
6.017228378543927336e-01 9.100152246421447932e-01 3.011319568101214483e-01
6.090692902945407106e-01 9.095937848229830314e-01 3.015246090381632493e-01
6.165266076941527951e-01 9.093024127752082908e-01 3.012298399504431679e-01
5.460954070135406457e-01 9.172726745060930664e-01 3.012327104292965574e-01
5.530862347809946122e-01 9.168870920518635836e-01 3.009130395157363358e-01
5.601628066101007608e-01 9.167310926214482514e-01 3.005414837627295443e-01
5.668577404496161209e-01 9.168033101141789265e-01 3.007062915673310854e-01
5.735273457332261682e-01 9.170094184075611166e-01 3.009322435631332504e-01
5.803779789283931567e-01 9.171935217505662319e-01 3.011230502273352094e-01
5.875097103828047507e-01 9.172928270374441917e-01 3.010962746902294818e-01
5.944218002080245977e-01 9.170671357584001537e-01 3.009835719172532231e-01
6.014683074216341518e-01 9.166565412443180572e-01 3.010541081527679519e-01
6.087241425109929382e-01 9.164871149478596157e-01 3.010744106271486253e-01
6.386901383838985424e-01 9.170653569863276289e-01 3.009352579995530630e-01
5.381727155778481819e-01 9.254444634855940599e-01 3.010141133086059462e-01
5.669632649548710379e-01 9.240995168370885748e-01 3.009033651256358688e-01
5.736392720462333283e-01 9.241427246672651030e-01 3.009939598495417479e-01
6.086939005926174096e-01 9.235997623186444905e-01 3.007202717485432664e-01
6.388450105184914074e-01 9.244173521439431607e-01 3.005677814092266864e-01
5.526658941895293831e-01 9.324702369502657628e-01 3.012749631423581875e-01
6.312993672452954508e-01 9.318017955365719418e-01 3.004224642727933992e-01
5.594383378668615903e-01 9.397171831896301564e-01 3.009888412073083996e-01
5.661959045123581280e-01 9.394808124132270066e-01 3.008450516672178110e-01
6.012365418013994045e-01 9.390897450615728337e-01 3.004759986854431131e-01
6.087753695177446911e-01 9.390294517659502072e-01 3.003714333549640236e-01
6.165378592052013218e-01 9.391802868118095393e-01 3.003613997890562382e-01
6.240858829932104390e-01 9.392856096768693597e-01 3.003612444614958688e-01
5.803685518083313566e-01 9.465103687512402830e-01 3.003486225400868181e-01
5.874101453898796787e-01 9.464996421719182873e-01 3.003647804015594502e-01
5.954258356458199675e-01 8.242202029936134267e-01 3.065701037224516923e-01
5.881583200609000750e-01 8.316810766393676335e-01 3.062585688376048276e-01
5.957886624313957213e-01 8.320065083747755219e-01 3.066587499263402905e-01
6.029820514440675794e-01 8.321600004576368281e-01 3.070463108231936689e-01
6.099499069373023330e-01 8.318814024978697930e-01 3.071389708954394004e-01
5.884926619373290757e-01 8.394387090035664301e-01 3.063916772892505413e-01
5.958967006540634159e-01 8.396011985059965710e-01 3.066677309137783025e-01
6.027672872641642865e-01 8.393918467038785636e-01 3.070515906855296184e-01
6.094933732828038409e-01 8.389843798297318411e-01 3.072401128401132109e-01
6.163626070370228360e-01 8.385937811301429345e-01 3.071438919522212485e-01
5.810706223526849179e-01 8.464854905056254930e-01 3.063515615444705187e-01
5.885395835858410196e-01 8.465930290833119098e-01 3.068365791118968788e-01
5.957968981584561563e-01 8.463317111617739696e-01 3.070518463719832947e-01
6.023879997236315509e-01 8.460965822505180922e-01 3.071448910062486437e-01
6.091120873873344665e-01 8.456661116792305588e-01 3.072534424383521201e-01
6.161821148177197838e-01 8.455699195442970550e-01 3.073012858292449856e-01
6.233170715411276985e-01 8.453923469640045596e-01 3.070878066797760320e-01
5.526633692328396519e-01 8.538110349629052243e-01 3.064766403712606557e-01
5.601625110563587251e-01 8.538901765296770252e-01 3.063860232963327990e-01
5.670205629794893287e-01 8.538175235548930431e-01 3.062930816952958435e-01
5.738991965323175792e-01 8.536573917920836641e-01 3.063740564630452190e-01
6.020988963437398089e-01 8.528900669652067501e-01 3.073131339158161612e-01
6.088655686403958711e-01 8.527481507001992700e-01 3.073312539816033251e-01
6.161319026228900819e-01 8.525356761141159589e-01 3.073318463320746097e-01
6.232326537275933998e-01 8.525066788674043883e-01 3.070943430133939445e-01
5.462665714892261937e-01 8.607313062367367706e-01 3.065978513821049356e-01
5.809029935731740979e-01 8.605657979666947455e-01 3.075178337340975232e-01
5.880931796209127871e-01 8.601691742754780101e-01 3.077756632168806572e-01
6.018803891097812553e-01 8.599656096485797097e-01 3.078820442333192742e-01
6.234076013537737104e-01 8.598541992317303428e-01 3.073050316182136532e-01
5.090107008323929705e-01 8.667175297095615072e-01 3.079915046804426737e-01
5.396278189488689092e-01 8.673459639401196464e-01 3.069100526851766264e-01
5.532150927569812193e-01 8.680885227950777550e-01 3.071637432435109227e-01
5.598905392018469485e-01 8.683145560884533154e-01 3.072264097802478444e-01
5.666049091964658890e-01 8.680934636284205475e-01 3.073518541015024530e-01
5.737740177568574351e-01 8.678154034618593693e-01 3.075898068013597775e-01
5.878266660379870556e-01 8.674798868644578720e-01 3.081974587742428717e-01
5.951121508490663237e-01 8.671031005276790271e-01 3.084240383260985485e-01
6.019559038309426624e-01 8.669650695714045119e-01 3.084557252850523290e-01
6.089632092392177620e-01 8.671913860517546091e-01 3.082688303255013418e-01
6.158863167032588848e-01 8.673031261778536560e-01 3.079975203698254727e-01
5.093185174336317678e-01 8.742125190645150257e-01 3.082100775993763531e-01
5.469764884816141759e-01 8.747771514064652809e-01 3.072261537244861396e-01
5.536369907966950388e-01 8.750625698200847902e-01 3.076026553491590931e-01
5.599171561779772155e-01 8.752507271742103745e-01 3.074926266635512051e-01
5.662323769265047435e-01 8.750641550165918492e-01 3.074783800014209145e-01
5.735157597515821992e-01 8.746905302383963798e-01 3.079063456865431814e-01
5.875442097516557771e-01 8.743050098829444616e-01 3.087486038726786619e-01
5.948786583866088051e-01 8.741568157918050419e-01 3.087288549900754075e-01
6.020064913773063298e-01 8.741894430966555829e-01 3.085891974180486885e-01
6.091201273537645289e-01 8.741935962140968686e-01 3.084693308257387412e-01
6.160026630535133663e-01 8.743392818231140451e-01 3.083425838473434766e-01
6.231957281557221062e-01 8.743108430849314550e-01 3.081406539589755522e-01
5.322623710722124146e-01 8.822115357660604840e-01 3.074718822989527256e-01
5.397686174655641489e-01 8.821452987307687454e-01 3.071852714429010867e-01
5.470633026739396554e-01 8.821188250517081331e-01 3.075335979630806071e-01
5.536845540237311791e-01 8.820428588574003026e-01 3.078467925315152010e-01
5.598036673175221800e-01 8.817853876303765048e-01 3.077022860464422860e-01
5.660291832268861123e-01 8.816831744130602111e-01 3.076773323420229911e-01
5.731545769391694911e-01 8.814997733370621980e-01 3.079947139275365231e-01
5.804406608191328143e-01 8.813108481718273657e-01 3.081801532655846776e-01
5.874260029734933442e-01 8.812841364107332209e-01 3.086693605319208999e-01
6.020991791679910499e-01 8.814048623432736429e-01 3.086883037835939092e-01
6.092083619111576809e-01 8.815789299990310912e-01 3.085504985611119966e-01
6.161102348747101720e-01 8.817385952404530602e-01 3.084220846190263154e-01
6.230620106006425907e-01 8.817286918508110416e-01 3.083712342132399198e-01
6.301317448806880162e-01 8.815790819286583035e-01 3.080108718674729462e-01
5.322390990723000481e-01 8.893580404118580640e-01 3.078384904072281048e-01
5.396574922435262156e-01 8.891868939534159910e-01 3.076515351146378863e-01
5.469676163532007918e-01 8.889540061508620639e-01 3.077895922030943754e-01
5.534085037600448009e-01 8.886619577962405758e-01 3.078894416880187390e-01
5.596637071278907083e-01 8.885315297039751981e-01 3.079324929240684905e-01
5.661658506041579164e-01 8.887713876783704947e-01 3.079632761675287211e-01
5.730740824234198394e-01 8.890842501598005265e-01 3.081618650757979028e-01
5.802405761562184905e-01 8.888403334129876265e-01 3.082220330330249780e-01
5.873876995265913115e-01 8.886311978866908712e-01 3.085470640044659651e-01
5.948947115280653897e-01 8.885687645611135554e-01 3.086880491377648195e-01
6.162102270773609503e-01 8.887335573471435435e-01 3.082717134997354225e-01
6.229578372244422013e-01 8.887240895734456192e-01 3.082905615578283576e-01
6.300426423122190700e-01 8.886751479683199229e-01 3.082730057077472385e-01
6.458465204753482958e-01 8.887539627244972484e-01 3.077740299808659485e-01
5.319624543003412809e-01 8.964639211236231642e-01 3.083497497398272613e-01
5.393459858604131574e-01 8.960720173059425475e-01 3.081427896267435740e-01
5.465025322829951682e-01 8.956314267234365412e-01 3.078588349936223767e-01
5.532195722667089255e-01 8.952807177549878537e-01 3.078398998863468572e-01
5.598961357984660880e-01 8.953826523628961587e-01 3.078844458424572217e-01
5.667519659669670862e-01 8.958894851718521846e-01 3.079546253860431237e-01
5.731499091187453043e-01 8.962725776657818333e-01 3.082472300334735404e-01
5.798452984380553232e-01 8.961466392774484202e-01 3.083215233813388356e-01
5.873265080877995148e-01 8.959263443705887120e-01 3.085714332633567869e-01
5.948441754370616952e-01 8.959042996175906604e-01 3.086929499354035822e-01
6.022302077068343307e-01 8.959309008335326618e-01 3.084727609429296358e-01
6.094194800453947014e-01 8.958541803036506046e-01 3.082298263790014259e-01
6.162099610882805223e-01 8.957892702420976461e-01 3.080788879581060624e-01
6.229018368117381632e-01 8.957492092762514568e-01 3.080172264503140966e-01
6.458866535067464554e-01 8.963116076951243016e-01 3.082548037238018179e-01
5.389650306770179533e-01 9.028001069339520734e-01 3.085918587723134321e-01
5.463142267830545240e-01 9.026374976450537435e-01 3.081795846471844236e-01
5.530718582870037814e-01 9.026075442275145466e-01 3.081602555299407520e-01
5.601872837913440817e-01 9.025798849298769522e-01 3.081960058931714763e-01
5.670425522164478371e-01 9.028056706443482460e-01 3.081770662399610505e-01
5.732829122270464151e-01 9.027946451347869106e-01 3.084021125783302231e-01
5.798414583461726224e-01 9.030441786454436182e-01 3.086456727195440730e-01
5.871389320626244634e-01 9.030155703312511273e-01 3.085449708786353051e-01
5.948432744428399088e-01 9.028708377782881378e-01 3.085290688719475316e-01
6.021642238725941620e-01 9.027376188342660646e-01 3.084673536472119504e-01
6.094255662141883079e-01 9.027439184887572354e-01 3.082479474691130483e-01
6.162036574679015111e-01 9.027609842514711103e-01 3.082229482058336245e-01
6.229485283645710414e-01 9.028429870878345032e-01 3.082213848057331340e-01
6.461703784336779721e-01 9.033891187983250637e-01 3.085747545641711054e-01
5.461859888815631114e-01 9.099351405443690810e-01 3.086444964766653087e-01
5.528790356619500690e-01 9.095770847462333331e-01 3.083093783425517320e-01
5.603044251771943651e-01 9.095084059068038185e-01 3.082518920015058783e-01
5.670896823076950755e-01 9.094885501674967454e-01 3.084238649534229992e-01
5.734053237751940424e-01 9.096552226847924860e-01 3.085459932066454969e-01
5.800776684152166851e-01 9.098530036981600233e-01 3.086936058600049382e-01
5.871331935938706170e-01 9.101248003523005892e-01 3.084846046461637847e-01
5.945826275312723341e-01 9.099555875950726680e-01 3.082158274471189507e-01
6.020956157788071028e-01 9.097686815297187923e-01 3.081841372117645195e-01
6.092073233484219807e-01 9.094152526337317965e-01 3.083030640826617264e-01
6.162327582386821767e-01 9.091541566598787538e-01 3.084042209917627897e-01
6.231276899357819365e-01 9.093314316894856031e-01 3.083897330942123594e-01
5.527924067788426710e-01 9.173165335815938182e-01 3.086691240676782133e-01
5.601122455988681859e-01 9.172709484705794392e-01 3.086129709250028386e-01
5.670142861601931150e-01 9.169322155045566136e-01 3.085628557025026919e-01
5.736417384848246925e-01 9.168660792016135597e-01 3.085211823137056220e-01
5.804259035251964072e-01 9.172095553593404560e-01 3.085257515168937092e-01
5.871547588444708810e-01 9.173341595787001257e-01 3.082330322512483178e-01
5.943519692686799472e-01 9.172160786310594727e-01 3.079674615388087733e-01
6.016339872517433296e-01 9.167367950920866093e-01 3.080188260340032125e-01
6.088046948709866513e-01 9.162630489128256173e-01 3.083140757770884699e-01
6.162553029490774881e-01 9.161722710330583164e-01 3.084908975484043636e-01
6.388022104426768211e-01 9.169053011869665593e-01 3.091040260439343323e-01
5.736530687709922027e-01 9.241479969370901548e-01 3.083588776371963824e-01
5.805416010554405037e-01 9.239432272984116068e-01 3.082847006620040853e-01
5.871589700184811633e-01 9.240283530157272773e-01 3.081260972834552470e-01
6.012583058508502720e-01 9.237307228083857513e-01 3.082811523141316679e-01
6.086245861132385526e-01 9.236080151074246292e-01 3.085204608364328638e-01
6.314885673101684471e-01 9.317504532699903974e-01 3.083154582651901898e-01
6.166258349304146735e-01 9.392313297210519440e-01 3.081961113428036136e-01
5.730212657036973800e-01 9.464111526146209430e-01 3.079628726178783582e-01
5.802672646058127937e-01 9.462659764259343520e-01 3.079455345832979307e-01
5.873780473202548924e-01 9.461425364256131898e-01 3.077440246806891211e-01
5.940785818323525147e-01 9.462188632027795920e-01 3.077522469627869128e-01
6.012948637690086473e-01 9.463054162809172443e-01 3.078845567841402842e-01
5.812062419547026071e-01 8.315604416540975929e-01 3.136918600084744879e-01
5.883924879421729148e-01 8.316216103048748032e-01 3.140145779063144293e-01
5.961560294139335303e-01 8.319553573559104187e-01 3.141581848770728658e-01
6.032059827465712232e-01 8.319963603345578163e-01 3.143489594206880788e-01
6.097912976226846915e-01 8.318074896311506983e-01 3.142517460874705293e-01
5.742524512778355295e-01 8.393274744100852613e-01 3.133944332728054727e-01
5.812016809547071450e-01 8.393650625672137711e-01 3.136620744247935466e-01
5.886851711604822457e-01 8.396025277896403960e-01 3.138782582327756532e-01
5.962502017376288821e-01 8.397068085596643972e-01 3.141009566439113554e-01
6.029965046862507672e-01 8.395029720536025808e-01 3.142976537445325014e-01
6.094131549941751436e-01 8.390804386347041621e-01 3.142577411320710001e-01
6.162323993597225158e-01 8.386960626964797827e-01 3.141018270808187962e-01
5.597903134637570721e-01 8.467400940906152362e-01 3.139467964890075846e-01
5.670749997335761128e-01 8.467806220338679468e-01 3.136592758413208615e-01
5.742201969701368203e-01 8.467171069550949447e-01 3.137024935154778538e-01
6.160310865914827572e-01 8.457599210733386386e-01 3.142244319399232211e-01
6.231811110580938173e-01 8.455401881342586856e-01 3.142029244930131249e-01
5.741114527872578366e-01 8.542317228273899055e-01 3.141950616108729055e-01
5.816061816312459998e-01 8.541629971494338891e-01 3.142069492026123845e-01
5.885847064178556520e-01 8.538710016700882255e-01 3.142723910150117539e-01
5.956676362569865990e-01 8.535082368327486790e-01 3.146728348887986582e-01
6.020936194141285336e-01 8.532072722487532568e-01 3.149960113898420677e-01
6.087720855014648880e-01 8.529839199910836944e-01 3.149267112165610727e-01
6.231543758771443953e-01 8.527736983225457923e-01 3.145492317438233210e-01
5.165017210853883878e-01 8.592714292150614996e-01 3.152862474580086505e-01
5.531200698548779382e-01 8.614711704613916554e-01 3.145875202012526906e-01
5.600196236056893540e-01 8.614726318861800625e-01 3.146950380543068748e-01
5.669229413553106278e-01 8.613564887137787895e-01 3.145073636920249216e-01
5.812690499609617367e-01 8.609333764406044143e-01 3.144335936789211527e-01
5.882467474250876460e-01 8.605747499469187378e-01 3.146956166406378874e-01
5.955049628325177480e-01 8.604961056793504204e-01 3.149547693445137742e-01
6.019632248845048217e-01 8.603944136362469131e-01 3.151725652556782720e-01
6.086511796001127239e-01 8.604272254038861645e-01 3.152604992944516016e-01
6.157552466636826427e-01 8.603601481155251918e-01 3.150578755091941185e-01
5.395824422252788466e-01 8.676200794382983306e-01 3.147319609368517401e-01
5.468032659684264329e-01 8.680944700513257839e-01 3.149112487628493717e-01
5.533576569813561941e-01 8.684382773270871159e-01 3.148714389533037727e-01
5.598854290450808735e-01 8.685885484014789215e-01 3.149201168576303833e-01
5.666814247446259056e-01 8.683128027867237364e-01 3.148776027207627615e-01
5.738469200273621507e-01 8.681417294569550025e-01 3.147888600721006069e-01
5.809710553829393609e-01 8.680859742164681592e-01 3.147267871586661436e-01
5.881535818606906663e-01 8.680162715220937075e-01 3.151839153321773779e-01
5.952168786379647969e-01 8.676740155704633084e-01 3.154278402020700978e-01
6.018917060467595670e-01 8.672356395148748121e-01 3.153332323529012826e-01
6.088535944890723917e-01 8.673973804111344554e-01 3.153266991166205346e-01
6.156851344865340581e-01 8.675798733244290961e-01 3.153182097867056055e-01
6.228846574582606044e-01 8.676088230816234592e-01 3.150167156804108415e-01
5.321893057754610856e-01 8.749197262007272213e-01 3.151351621893772048e-01
5.397615533005035715e-01 8.747594702834396996e-01 3.150829477833471115e-01
5.471882791870751328e-01 8.749503980186792429e-01 3.151709375088471154e-01
5.536365115727333031e-01 8.752116803395886269e-01 3.149089029212980284e-01
5.598569863367180988e-01 8.753245611826282468e-01 3.148740124832082876e-01
5.664142133953899982e-01 8.751633547169064276e-01 3.150311072368588983e-01
5.737114349016506631e-01 8.749638736658007510e-01 3.150147774741709483e-01
5.808952523374020238e-01 8.746989140209997515e-01 3.150436366246485709e-01
5.946153701690453097e-01 8.743111906918156206e-01 3.158104821253470140e-01
6.017917058029580435e-01 8.741188956134670063e-01 3.154333740103085759e-01
6.090080420534104144e-01 8.741158049240779215e-01 3.151973180020612442e-01
6.159559875123473693e-01 8.742924106372698123e-01 3.152575056606340409e-01
6.228171431038576067e-01 8.744983911824870670e-01 3.151556441954215249e-01
6.300966411525883437e-01 8.743795443892443675e-01 3.149359711995317612e-01
5.319758078432428317e-01 8.824344864176758563e-01 3.153327394900440894e-01
5.397647380815352447e-01 8.824343501373217435e-01 3.152775773427854422e-01
5.472142458538121756e-01 8.822908541696899976e-01 3.151325250531762934e-01
5.536712541753865402e-01 8.820408879776269195e-01 3.149304824540573033e-01
5.597841965012353427e-01 8.819370991710901997e-01 3.150005094985252052e-01
5.662274308536339174e-01 8.818824634610686886e-01 3.151950151181330817e-01
5.734107716177621050e-01 8.816186135946488811e-01 3.153566750658487461e-01
5.806692259133682255e-01 8.813884256302060294e-01 3.155155711220160031e-01
5.878524456895996009e-01 8.811359690076758788e-01 3.157359757587617777e-01
5.946743186476178833e-01 8.811799612755458755e-01 3.158525065629153028e-01
6.018526255124677649e-01 8.814581160655812209e-01 3.154005137740883424e-01
6.090155699819540525e-01 8.814701705964151923e-01 3.151506736925612229e-01
6.161605045513829371e-01 8.815854689318497472e-01 3.150835272304429724e-01
6.230198320270560197e-01 8.818300674013448415e-01 3.151913570357497418e-01
6.299375160694675735e-01 8.819679834772582439e-01 3.152152089571473303e-01
6.456968276113629335e-01 8.815530858467964803e-01 3.146908674082112833e-01
5.396165138102743120e-01 8.896163703387706123e-01 3.155779509124703175e-01
5.467572626882057918e-01 8.891429577199875256e-01 3.152559718321185644e-01
5.533924157632490459e-01 8.886905032972046703e-01 3.149687393721907758e-01
5.598553452773308292e-01 8.886543570639258149e-01 3.151248161451679075e-01
5.663043151043932744e-01 8.889072963911371916e-01 3.153401075434864032e-01
5.731825782536036362e-01 8.891027336203956022e-01 3.154316477615500824e-01
5.804422326527761689e-01 8.887852771231475879e-01 3.155865455478234494e-01
5.877024470896959896e-01 8.886571122360090724e-01 3.158165723000158076e-01
5.948058705820009617e-01 8.885967389326704380e-01 3.159007006101842152e-01
6.019558787353767038e-01 8.886193532547831397e-01 3.156801202845228582e-01
6.090657145206331835e-01 8.886669706340818431e-01 3.152963647808999514e-01
6.163641316119619074e-01 8.888066151262727921e-01 3.151828496324752260e-01
6.230671074187803526e-01 8.886624033065629868e-01 3.154145014881853393e-01
6.300927561338860450e-01 8.887950055737628974e-01 3.155017737020271440e-01
5.391213092287474584e-01 8.963396074012927039e-01 3.156752317699845212e-01
5.462848653275329536e-01 8.958603344510762678e-01 3.156185473042313339e-01
5.532527104052141764e-01 8.957080998498344604e-01 3.154028636420389553e-01
5.599117201235606078e-01 8.956006082314893479e-01 3.154083119955082282e-01
5.667866425953499432e-01 8.958769300041922179e-01 3.153463604234115203e-01
5.732537696022012019e-01 8.962550638102508849e-01 3.152624244860577352e-01
5.801201883863604802e-01 8.962717598658640483e-01 3.156011882828240189e-01
5.948221432219862326e-01 8.960417806648903749e-01 3.160867680353289799e-01
6.018924114993217112e-01 8.959566928085288540e-01 3.159373596070965129e-01
6.092218299392033742e-01 8.959947030106633070e-01 3.156572551536844240e-01
6.161158889310220932e-01 8.959077222833876641e-01 3.155935608409746740e-01
6.229635150537898847e-01 8.957229777845988616e-01 3.156119346349719468e-01
6.305532619610885181e-01 8.959647703041366817e-01 3.156264009808075199e-01
6.457967600103174943e-01 8.968031939876921488e-01 3.153983831175170560e-01
5.460605644139817638e-01 9.031267430536357166e-01 3.159983911107149823e-01
5.530730638105549879e-01 9.028393354789736591e-01 3.157098857249606150e-01
5.600179836792537058e-01 9.028256712849149768e-01 3.154799533322540372e-01
5.670755691845520419e-01 9.030752262507949490e-01 3.153329507300823287e-01
5.734552958331075034e-01 9.031442312000691475e-01 3.154576557965681483e-01
5.800957248783952247e-01 9.033010388108492217e-01 3.156633755895154048e-01
5.873469760979082022e-01 9.031475892421869656e-01 3.162512890033228885e-01
5.947548689454831283e-01 9.027349513999360919e-01 3.162799988112281468e-01
6.018062783881287237e-01 9.026633070989401597e-01 3.159500795389811878e-01
6.092912361296767276e-01 9.026883552027065161e-01 3.157808685985685759e-01
6.161779507244358189e-01 9.028972677545497039e-01 3.156362055388913790e-01
6.231032801447959901e-01 9.031889184020724937e-01 3.156571718664789028e-01
5.457406990583771877e-01 9.102053473908059411e-01 3.162656664429127074e-01
5.527806195250135612e-01 9.098443225951918789e-01 3.160223549508882068e-01
5.602428720567237397e-01 9.097753172324983817e-01 3.159339702291840690e-01
5.671046537397466114e-01 9.097654245792323735e-01 3.156679277527669747e-01
5.735276036833343305e-01 9.097410219356306671e-01 3.157809108846371671e-01
5.801514196768463583e-01 9.098258471244623502e-01 3.158606732535488293e-01
5.870274316935445436e-01 9.097138236220233543e-01 3.160403369429758969e-01
5.944558067654922562e-01 9.095087229610071544e-01 3.160176315481198484e-01
6.019397718461207969e-01 9.094305234644404212e-01 3.158811119895447717e-01
6.093587222013977511e-01 9.095642837359747546e-01 3.158469700168173300e-01
6.163637099877644632e-01 9.094896197644916080e-01 3.159865274068821006e-01
6.386001665358281842e-01 9.103591329200333426e-01 3.161328982133700949e-01
5.599898676841398304e-01 9.177339513614216626e-01 3.163449311985921386e-01
5.668403826904032661e-01 9.172217043050741037e-01 3.161208749172976784e-01
5.735072574951934898e-01 9.168698277349026649e-01 3.159198112443845630e-01
5.801895957888337785e-01 9.168415918384971164e-01 3.156401550900542752e-01
5.870048254391806442e-01 9.169505149570205127e-01 3.155169880512910252e-01
5.943863769077932790e-01 9.170590766960263762e-01 3.157650041442681133e-01
5.802798921065228654e-01 9.238357222432601601e-01 3.153947979127313395e-01
5.871874127527936249e-01 9.240324688369725425e-01 3.152387556789411072e-01
6.090947585560997357e-01 9.237125699298524006e-01 3.164604363440930435e-01
6.014096926729565196e-01 9.313094151059565506e-01 3.161225351539331263e-01
5.961193424071582481e-01 8.317471823750559601e-01 3.219737547432504621e-01
6.092873743976608969e-01 8.391875855164667719e-01 3.214691750043021656e-01
5.304183411976047813e-01 8.453167664243786961e-01 3.218471270279404384e-01
5.669432578809892043e-01 8.471078757718536467e-01 3.216961891539765195e-01
5.743617751767201574e-01 8.471586909966813961e-01 3.217657712572133955e-01
5.813677608598797342e-01 8.470891228220273073e-01 3.217383099378766653e-01
5.888958641376714764e-01 8.471344964067901717e-01 3.215623600459005527e-01
5.962138099504112887e-01 8.469956774331264260e-01 3.215156097535629698e-01
6.026179791623281767e-01 8.466586680387054864e-01 3.215263694652758519e-01
5.235984775274034053e-01 8.524903922558756397e-01 3.221422433810802177e-01
5.529227089958023145e-01 8.545057266828163245e-01 3.218566002581795815e-01
5.598704928681813575e-01 8.545706412286607767e-01 3.217513242230590209e-01
5.741830348584886501e-01 8.543801026058081005e-01 3.217751880595473013e-01
5.813542198987652343e-01 8.541428890718837375e-01 3.216510938009761178e-01
5.888182415070980502e-01 8.540662012187956176e-01 3.216355259814331347e-01
5.959359145914947531e-01 8.538093017574497345e-01 3.216922150961247229e-01
6.023044749161849953e-01 8.536021172791564693e-01 3.217646745179342793e-01
6.086337105823110827e-01 8.534507496613111810e-01 3.219507846394992212e-01
6.157097025987472438e-01 8.532086818229044356e-01 3.218235197825425331e-01
5.391799886155176358e-01 8.607916798757061505e-01 3.222604496430049870e-01
5.462484894714852990e-01 8.613688555159094706e-01 3.222154147440417504e-01
5.531437598321586879e-01 8.616431014892538265e-01 3.220212708783267153e-01
5.598522540365736821e-01 8.617972503259894168e-01 3.219104463393050453e-01
5.667975804488186720e-01 8.616455791568797817e-01 3.216979108005739718e-01
5.739334739872820057e-01 8.614012878082605296e-01 3.217182939678323583e-01
5.811211509256594132e-01 8.612121082138191053e-01 3.216943020943708320e-01
5.886267421885958973e-01 8.609781688624296159e-01 3.218128595493132682e-01
5.956416281904837184e-01 8.607745358017938608e-01 3.219535788619069527e-01
6.022355553868015132e-01 8.604671096186407020e-01 3.220880231375252700e-01
6.086369726313781703e-01 8.605539600196283612e-01 3.222357218541208601e-01
6.155200817991008932e-01 8.606506801942191975e-01 3.221553038859606422e-01
6.229417357537762046e-01 8.604006032858568798e-01 3.220302392608344610e-01
5.319830666882701120e-01 8.675996272678612176e-01 3.226745604329896988e-01
5.397997746577392064e-01 8.680396688169920161e-01 3.226802408707685199e-01
5.465259242028944753e-01 8.683611113488547417e-01 3.224160836807993258e-01
5.532720643036734831e-01 8.684801155214292301e-01 3.220258649733175327e-01
5.599156311087472027e-01 8.684862371132269221e-01 3.220175218916886961e-01
5.665468731781707623e-01 8.685306032110642338e-01 3.218985609195442743e-01
5.737251314584583817e-01 8.682647912104931587e-01 3.218095193297264567e-01
5.810543832244332574e-01 8.681713160805339946e-01 3.218345828075266368e-01
5.885625098611254602e-01 8.682592630901448949e-01 3.219669854563207978e-01
5.952277513982041635e-01 8.679935785766594858e-01 3.221236461507985815e-01
6.017975467833238667e-01 8.672956373934013197e-01 3.221415908149535268e-01
6.089506347626743032e-01 8.671071356515535067e-01 3.221420004720141339e-01
6.156476284605324478e-01 8.675378919552793056e-01 3.222276726451624995e-01
6.227015145405369045e-01 8.677227623606893481e-01 3.222167257560802911e-01
6.301564735193961875e-01 8.674029629979187472e-01 3.220886624094927431e-01
5.467856052374603371e-01 8.752187866105485270e-01 3.228036835340537536e-01
5.532421596194909696e-01 8.753610731027683389e-01 3.222735341511923091e-01
5.600211011198228395e-01 8.754393744109827402e-01 3.220999247836713875e-01
5.664678969887660953e-01 8.753966012670633123e-01 3.221805308864652551e-01
5.735270204811939720e-01 8.752867155562068513e-01 3.220867917594035790e-01
5.810379553729259072e-01 8.752064565573417498e-01 3.220236936044895693e-01
5.883975964222791788e-01 8.749174173483468264e-01 3.220364590172084540e-01
5.946772869639249670e-01 8.745289730715699594e-01 3.222543407682224581e-01
6.013816554225310806e-01 8.743165307002924713e-01 3.222659474438348548e-01
6.090024502723151434e-01 8.741911908345968429e-01 3.220896742465964024e-01
6.161481973150551017e-01 8.742905274887313727e-01 3.222299386146640354e-01
6.227399961603501399e-01 8.746197786379409367e-01 3.223514245186830385e-01
6.298929804928443676e-01 8.746733965625209661e-01 3.222866732683559721e-01
6.455968876473103801e-01 8.743622976757248200e-01 3.218040912820597788e-01
5.396868593401518144e-01 8.825834278123526611e-01 3.233446441082843958e-01
5.468653200475633858e-01 8.822338052953980769e-01 3.231168534652580915e-01
5.533518582620099435e-01 8.822824780643069298e-01 3.226500941613983930e-01
5.599659705958187628e-01 8.821764716183101429e-01 3.223887679452825394e-01
5.663146010371785666e-01 8.821048629836240051e-01 3.224625377298673823e-01
5.735253281456428320e-01 8.820470943703037081e-01 3.224791583848915510e-01
5.807610793078745726e-01 8.818789936930431228e-01 3.226138070418656523e-01
5.880232077896678788e-01 8.815377143064762056e-01 3.226924844301753970e-01
5.946444722111564607e-01 8.815066044265735812e-01 3.227963468466918950e-01
6.014899504217683379e-01 8.817260756805683775e-01 3.227748472291663839e-01
6.162203090071003420e-01 8.816411800183304726e-01 3.224770197982543829e-01
6.230565654980274592e-01 8.818559977318934928e-01 3.224937957521892828e-01
6.299317569804497863e-01 8.820691115406674720e-01 3.224394128304530205e-01
5.464815329411482070e-01 8.893350500186449903e-01 3.230633490621673820e-01
5.532793748359311481e-01 8.889376436742684184e-01 3.229915778600208065e-01
5.598638524158192631e-01 8.889086202697494832e-01 3.226300797764471429e-01
5.664499242245754074e-01 8.889782641790932027e-01 3.226057348832310767e-01
5.733571800972701027e-01 8.890670030304642646e-01 3.227924882189682210e-01
5.805771561379260426e-01 8.889504830798999890e-01 3.230182601238130169e-01
5.878422252418624705e-01 8.888805620378502637e-01 3.231037494356659434e-01
5.947815193525811672e-01 8.887863632017916071e-01 3.232528095415739822e-01
6.016454817769113506e-01 8.888969253406169280e-01 3.230249969431550627e-01
6.089130555745536633e-01 8.890336061466326267e-01 3.229697096470156570e-01
6.232110862327763234e-01 8.890556431991419872e-01 3.225467055989590937e-01
6.300108247925111371e-01 8.891140348401217475e-01 3.224961560320134257e-01
6.455664220036174683e-01 8.893855028960709896e-01 3.226986220019272267e-01
5.461403779148671367e-01 8.963085502327734488e-01 3.233205672721501944e-01
5.530091391874447648e-01 8.960297861437963585e-01 3.231516730753192235e-01
5.598469120617445283e-01 8.957311633673255002e-01 3.228465230841575107e-01
5.666303873670233138e-01 8.958568367354682316e-01 3.226921226994065584e-01
5.735193912688113516e-01 8.962004961036591499e-01 3.228689744159070618e-01
5.806185765067638505e-01 8.963692574442183592e-01 3.233289137716509609e-01
6.017214037127744941e-01 8.961402555465952657e-01 3.232377692534090796e-01
6.091102323831638632e-01 8.962726153571659582e-01 3.232543346215158708e-01
6.160624873451832073e-01 8.962038862159819042e-01 3.230149048234503550e-01
6.230365958035132268e-01 8.959781618915853008e-01 3.230141973274642253e-01
5.460175415344776795e-01 9.033328316051058016e-01 3.236486612339881108e-01
5.597656205911368810e-01 9.030521719714457163e-01 3.231094509378103496e-01
5.670195398429687117e-01 9.032215210782640336e-01 3.228985277940116805e-01
5.736821586703685361e-01 9.033905342614763079e-01 3.229352076857916476e-01
5.876576331645219087e-01 9.030999137582412795e-01 3.237386349767897298e-01
5.943615506086488143e-01 9.027711542158440849e-01 3.235788380997313696e-01
5.598428709462560660e-01 9.104899533195752737e-01 3.236865402304074935e-01
5.872352512038120365e-01 9.095249271741900898e-01 3.237471006999615430e-01
6.019158228689520662e-01 9.097612987664189799e-01 3.238424742372665865e-01
6.093505973668070785e-01 9.098368883706579036e-01 3.238025989972382890e-01
6.162982210264159599e-01 9.099872522589338431e-01 3.235933458195408563e-01
5.665661683379723534e-01 9.175001388464745222e-01 3.236844396294015214e-01
5.872209880695061779e-01 9.165355532976575681e-01 3.237163401847953925e-01
6.019186729146056569e-01 9.170209276809524468e-01 3.243528005098675338e-01
5.729342109563234642e-01 9.240401622083936894e-01 3.236538951681504628e-01
5.799160059985449811e-01 9.238750385139529175e-01 3.235689749941411675e-01
5.949125216615268608e-01 9.238513569227105870e-01 3.238268082864925179e-01
5.956745665470313256e-01 8.242176653013650878e-01 3.293681987096587216e-01
5.444250272227848519e-01 8.313795695618941828e-01 3.295199604936987492e-01
5.816814784630154334e-01 8.314020541441828893e-01 3.290568635949555620e-01
5.887891860033698244e-01 8.314388132075616333e-01 3.291998680529064636e-01
5.959621085324577905e-01 8.316779942575343032e-01 3.293187403560471349e-01
6.026567926597750091e-01 8.318632458842429855e-01 3.290709274602193202e-01
5.371685620228721092e-01 8.384638367788429525e-01 3.297637807607434746e-01
6.163750624158792490e-01 8.388695714431173567e-01 3.292510884698864326e-01
5.598796690924204844e-01 8.470615140528161557e-01 3.289838348972435322e-01
5.671943684654139339e-01 8.470505553235609941e-01 3.290744233966069743e-01
5.743372664059731569e-01 8.470558820804352518e-01 3.291533418958672574e-01
5.887768162446176401e-01 8.469894339953317752e-01 3.291129417500932575e-01
5.961014272012186144e-01 8.469430375044340042e-01 3.290487829208044168e-01
6.026480333983578186e-01 8.467561597367079251e-01 3.289466866700065939e-01
6.090980725606569557e-01 8.464501502649803832e-01 3.291401760578120395e-01
6.308435672151203599e-01 8.455659641122876824e-01 3.296375076132132542e-01
5.307018299744586942e-01 8.530168428879874032e-01 3.299950959682852458e-01
5.456356917486862024e-01 8.542253614554239372e-01 3.293168805209716887e-01
5.527277311263921744e-01 8.546927611483443599e-01 3.291661366371543274e-01
5.742314883548395033e-01 8.542220176927037834e-01 3.289458540520916463e-01
5.814015893706370175e-01 8.541450351719260814e-01 3.291105655599214086e-01
5.887796004315850595e-01 8.542376319205581270e-01 3.291193397109678509e-01
5.958323816999905320e-01 8.539822323016816874e-01 3.290216674277873232e-01
6.024932045023418947e-01 8.538056617125816539e-01 3.290908116716253495e-01
6.086758913617753564e-01 8.535608688002054301e-01 3.291798766603978854e-01
6.156429008036919948e-01 8.532343576499340498e-01 3.291706713451836297e-01
6.382092542246128319e-01 8.525664954840426191e-01 3.298573059650001804e-01
5.459116400345904729e-01 8.615637695516061845e-01 3.294128040082857645e-01
5.530355491056161421e-01 8.617101802580984238e-01 3.292456975138348674e-01
5.596582543678135790e-01 8.619240685831859317e-01 3.290813320422967814e-01
5.667266596440581061e-01 8.617595996847641215e-01 3.290082889890497131e-01
5.739734919002501545e-01 8.614194242991161099e-01 3.289795347051968077e-01
5.813576392499276713e-01 8.612280779137996278e-01 3.291557061161179409e-01
5.886778413433166879e-01 8.611125284344194331e-01 3.293626484840239121e-01
5.956281574164180581e-01 8.610263629238402716e-01 3.292802060599778202e-01
6.022662087727336244e-01 8.607132196471520835e-01 3.292099254134086550e-01
6.086041698886004436e-01 8.606393314345268664e-01 3.290472282520134351e-01
6.155820690508346793e-01 8.609017663471091319e-01 3.291288280910583119e-01
6.229977274394836728e-01 8.605877373768447969e-01 3.293598014735820145e-01
5.530919911054154037e-01 8.688321164397680985e-01 3.296393634730793720e-01
5.597465153262380921e-01 8.687590120510493286e-01 3.293535619830261774e-01
5.664832316702587134e-01 8.688491415304046006e-01 3.292883362031527317e-01
5.736609886772223721e-01 8.685902515054121364e-01 3.292118354002735447e-01
5.812224875635435550e-01 8.683596769858671349e-01 3.292138947215039746e-01
5.885760603923763101e-01 8.681795183757156087e-01 3.293278762475002619e-01
5.953518276995196645e-01 8.679502828068861309e-01 3.292995288181317370e-01
6.018115320783052891e-01 8.674007026078128790e-01 3.293954230760210433e-01
6.089904262514430622e-01 8.673359138266695245e-01 3.293979457972260882e-01
6.156139666178698233e-01 8.675912278149325862e-01 3.293549655052156466e-01
6.227509121406206161e-01 8.677493939238555276e-01 3.293430440568906881e-01
6.457823419397675790e-01 8.671368700079953307e-01 3.297507921261984554e-01
5.463773794335341494e-01 8.756133788696692788e-01 3.301331765970383914e-01
5.529851351977144169e-01 8.756702391716129075e-01 3.300168333738457971e-01
5.598578124871479433e-01 8.757313314755940103e-01 3.297864128370279202e-01
5.664464259521052591e-01 8.757391105705319978e-01 3.296385273252503412e-01
5.734852346141180446e-01 8.756717876455023530e-01 3.296077731868405913e-01
5.809674407500758919e-01 8.755767367490571162e-01 3.295732903528010849e-01
5.883412369113197871e-01 8.752949592240421017e-01 3.294766385985862800e-01
5.949211175127163687e-01 8.749434737863972522e-01 3.294983415029096863e-01
6.015085936851631843e-01 8.747431199106395772e-01 3.298520649188800280e-01
6.088812660210166650e-01 8.744722028144158443e-01 3.299341580751381509e-01
6.160388165963245344e-01 8.744940363267760253e-01 3.295242484222111745e-01
6.228865885751824205e-01 8.748706213420083255e-01 3.294667295476835789e-01
6.298779451213554204e-01 8.749516450588777916e-01 3.297727767225665518e-01
6.457350308965823515e-01 8.748815855692360088e-01 3.300250617430900424e-01
5.394519284965240136e-01 8.826753226221285553e-01 3.307758633649121593e-01
5.465189527349278986e-01 8.823789351988596819e-01 3.303041558306433201e-01
5.529760365049448678e-01 8.825103947017177708e-01 3.300861719314076015e-01
5.598512895188070271e-01 8.823065832463347080e-01 3.299319042310699945e-01
5.663676328607634147e-01 8.823048445481699309e-01 3.300023240391105617e-01
5.734978132133766726e-01 8.822900365417745139e-01 3.299429729044605630e-01
5.809113379217227813e-01 8.823038884508297430e-01 3.298451924723224682e-01
5.880367668537175296e-01 8.822261288596088269e-01 3.298818482167609756e-01
5.947449817363248403e-01 8.820634309105906956e-01 3.298733848401756985e-01
6.014775433253086723e-01 8.820545430379646001e-01 3.300355096706059643e-01
6.087094236870925767e-01 8.821242084074131240e-01 3.300849477767211493e-01
6.161227638489803482e-01 8.820524690545230584e-01 3.299073789667172352e-01
6.229975845414406077e-01 8.819808202007458631e-01 3.296935356904731607e-01
6.300529895502092748e-01 8.820649944431364631e-01 3.299040150132412363e-01
5.529390722770429756e-01 8.891912443343561456e-01 3.302177179435054066e-01
5.596077427186165743e-01 8.890810132683817368e-01 3.300033475407062045e-01
5.665471621443871619e-01 8.890040537507948315e-01 3.300233380907276470e-01
5.734820507678521917e-01 8.892736000328491652e-01 3.300018677253580002e-01
5.808548511278466275e-01 8.892428796175813055e-01 3.301179007908852103e-01
5.880281698568615711e-01 8.892063845481540385e-01 3.304614383832025770e-01
5.946649380236525007e-01 8.892274059480466120e-01 3.303595330936116570e-01
5.459695994840250144e-01 8.966183126671917192e-01 3.308305842905699401e-01
5.594648720381854012e-01 8.960708818231128969e-01 3.302366776729013242e-01
5.667204736494915185e-01 8.961565816560721487e-01 3.301580017637935627e-01
6.089603629113369276e-01 8.964475141741412578e-01 3.306262304500955929e-01
6.157652112550501267e-01 8.964016490987406494e-01 3.303807617048847844e-01
6.231213883656407937e-01 8.963379430862314923e-01 3.303526881834646933e-01
5.594062409201667752e-01 9.036707083282854436e-01 3.308357550252447599e-01
5.668893697212931126e-01 9.036514945548975719e-01 3.305955920654637392e-01
6.017187011006562836e-01 9.030561470478918329e-01 3.310348168304381722e-01
6.090451522665798478e-01 9.031054435343318643e-01 3.308306772621859015e-01
6.158699011734606321e-01 9.033998048701995520e-01 3.306126217212634333e-01
5.666807168314536014e-01 9.107056842477159186e-01 3.310032406374264213e-01
5.737380592979243188e-01 9.103723783225001753e-01 3.309824740445951874e-01
5.806695958744138020e-01 9.100378666256989657e-01 3.311129137167055370e-01
5.874400394306484863e-01 9.097619905275146079e-01 3.312956337014321684e-01
5.944673833278537600e-01 9.099279929306219872e-01 3.313937807525125234e-01
5.803596129145605076e-01 9.167487526953571608e-01 3.312976985968919541e-01
5.873729787944373948e-01 9.165990776515451355e-01 3.315741543482590425e-01
5.741384612166822166e-01 8.239850102112662444e-01 3.366998590591508411e-01
5.816754995823982810e-01 8.240958470358534793e-01 3.366956767464434064e-01
5.888015033354053740e-01 8.240221069651185726e-01 3.365315754735880849e-01
5.956493313827999625e-01 8.240948716790948980e-01 3.365762932102931426e-01
6.026064963984193446e-01 8.239881607489164539e-01 3.366061103375057595e-01
6.095493046855449126e-01 8.240472774144973478e-01 3.366447476639150560e-01
5.520041138964986160e-01 8.315479166113711740e-01 3.368822402840246921e-01
5.595279763881265689e-01 8.315030223568463663e-01 3.367167475252175191e-01
5.816327344121803300e-01 8.313792883443648085e-01 3.366481117490600639e-01
5.889033115682590358e-01 8.314634177401303283e-01 3.366023460605583328e-01
5.957823218833399048e-01 8.315593242207514058e-01 3.364131564358488480e-01
6.027002952367213062e-01 8.317137747217510091e-01 3.364361216328578541e-01
6.168034050005857249e-01 8.320329738571530243e-01 3.367813243537482459e-01
6.242528019132446149e-01 8.316213671876729885e-01 3.370870240633421222e-01
5.443515064658550617e-01 8.387592336120698322e-01 3.373402080846704676e-01
6.237967476435370973e-01 8.386802832893335280e-01 3.372076124664025176e-01
6.311343794534209906e-01 8.383876274959620734e-01 3.373490362815558252e-01
5.671061956359706446e-01 8.469894623477393081e-01 3.365325261387518974e-01
5.813272900027500745e-01 8.468521322558805187e-01 3.362752843581083839e-01
5.889121597916595618e-01 8.467812522161435318e-01 3.362866005857159113e-01
5.960358500501166112e-01 8.467109052527159729e-01 3.363440032235757160e-01
6.026676434222244527e-01 8.468021476732333630e-01 3.363531193337354619e-01
6.309854858675802980e-01 8.457724914991769927e-01 3.373296321376297868e-01
5.741199713804500115e-01 8.543602322136063520e-01 3.364024114011067712e-01
5.815339491911279968e-01 8.544170428996716860e-01 3.362735861763198053e-01
5.887035121692348882e-01 8.545159852203118023e-01 3.363151737179101430e-01
5.958639379304387917e-01 8.541821666915071498e-01 3.362484192306679498e-01
6.025023044050366039e-01 8.538995759356977633e-01 3.361909759735964287e-01
6.087980543585308491e-01 8.534473563986916256e-01 3.362599584272381037e-01
6.310647301598882875e-01 8.529135655052786369e-01 3.374898859565461096e-01
5.596502501007506458e-01 8.621072178125533947e-01 3.365379415786202699e-01
5.814675612025079765e-01 8.613246230292082029e-01 3.365835538678657035e-01
5.886930873640662254e-01 8.612121462290572849e-01 3.364916486844497512e-01
5.955346236066348942e-01 8.611358690201382782e-01 3.364183464635296383e-01
6.021488952788442983e-01 8.607935095416603399e-01 3.363287984368428796e-01
6.086005101593257027e-01 8.607521961965163282e-01 3.364463830479696438e-01
6.159190607240445647e-01 8.608425052781126796e-01 3.368147616559759583e-01
6.379459895979169293e-01 8.598907438475749121e-01 3.378186630060951434e-01
5.529418211006488226e-01 8.691561050343084016e-01 3.366997299896348772e-01
5.597106450797139088e-01 8.691439213865047586e-01 3.368058791223952353e-01
5.665427347524690793e-01 8.691047535376390520e-01 3.369647294987223041e-01
5.811881973708289406e-01 8.686285102109498890e-01 3.369177187064662515e-01
5.885332075408504782e-01 8.683184649461888061e-01 3.366911924263086830e-01
5.953214274473016543e-01 8.680928231719468036e-01 3.365872537813373588e-01
6.019365098275603065e-01 8.678339796215661650e-01 3.366769530509681752e-01
6.089174266517980438e-01 8.678868693581841542e-01 3.367526079628389013e-01
6.157120053832599860e-01 8.678681729662396371e-01 3.368407651514128132e-01
6.378893702134017518e-01 8.674861421346484747e-01 3.379384829879146235e-01
5.529857090728200752e-01 8.759965038471568821e-01 3.370791111589311884e-01
5.597247117236339164e-01 8.760725261923125728e-01 3.371701568782580760e-01
5.664386912961746345e-01 8.761488223558893118e-01 3.372099645087500708e-01
5.882126553601514374e-01 8.754312848576261130e-01 3.368739711078415633e-01
5.951025900238724464e-01 8.751765811548745111e-01 3.368550874503977721e-01
6.017830058158638584e-01 8.750542139803465513e-01 3.369822039614162601e-01
6.087149488406877751e-01 8.748161943290947429e-01 3.371276998245400502e-01
6.157696534357763873e-01 8.746926447115394021e-01 3.370708397261369393e-01
5.461319733208521709e-01 8.827173879216001495e-01 3.376751890211467932e-01
5.879637005798258320e-01 8.825654573071232134e-01 3.369606757432773159e-01
5.949051448101616568e-01 8.823438711709730153e-01 3.370359760179257314e-01
5.527843647962633611e-01 8.896246490450261390e-01 3.378171362117011745e-01
5.809184373108051691e-01 8.895934758006674992e-01 3.376192628177426824e-01
6.088600914103676764e-01 8.895842184519281437e-01 3.376149535153226688e-01
6.159379474980163360e-01 8.896128898529338525e-01 3.375755669733038755e-01
6.229195601153406647e-01 8.896846433841866242e-01 3.376054590331895588e-01
5.738589984376436526e-01 8.969076635223927063e-01 3.379351532402554703e-01
5.810696135233988091e-01 8.971654178612848973e-01 3.379407972099679469e-01
5.878551319707754352e-01 8.969050124968723781e-01 3.380135209430918941e-01
5.945545577124118353e-01 8.967316614405665964e-01 3.379237418024622075e-01
6.016454250957459227e-01 8.967103846533527323e-01 3.377923853833095236e-01
6.088079737378014888e-01 8.966312628644551586e-01 3.376294940866209071e-01
6.159226921881040262e-01 8.965135044104597384e-01 3.378458435705419260e-01
5.742620837338257012e-01 8.240706047878578744e-01 3.443178036675766940e-01
5.815471929182534083e-01 8.241548197782166962e-01 3.443391964423040408e-01
5.885650485556451761e-01 8.241924048053240748e-01 3.441874377548092001e-01
5.956442947036376667e-01 8.241404070703065576e-01 3.438472406935235148e-01
6.028491325325356920e-01 8.239560683886862913e-01 3.441226652293517541e-01
5.594385964390662380e-01 8.314612641067117282e-01 3.444709811665720989e-01
5.668426406745210588e-01 8.314697217286047826e-01 3.444539893061762670e-01
5.742539738415028960e-01 8.313885864120097446e-01 3.444471855401416982e-01
5.815336928551066986e-01 8.313609088399448455e-01 3.443617548404175888e-01
5.886563521771708274e-01 8.312560810531387512e-01 3.440867791919656749e-01
5.957995103944410120e-01 8.315393792295701081e-01 3.440069192760483729e-01
6.028415870217364025e-01 8.317876695965852329e-01 3.442308996400590404e-01
6.098929186105181977e-01 8.318134497471951772e-01 3.445047956554764257e-01
6.170628952722245764e-01 8.389794925261493397e-01 3.447760497083310893e-01
6.167673376603920454e-01 8.458105712030810075e-01 3.447295175529287437e-01
5.668729860047602154e-01 8.545147207355441310e-01 3.443780819272376781e-01
5.737936901421408775e-01 8.545077312635759315e-01 3.443090215655624231e-01
5.813841910033785698e-01 8.543809785309304239e-01 3.439586400452311343e-01
5.885872206762281511e-01 8.544011016080851340e-01 3.436465478006413554e-01
5.957367374931360482e-01 8.540613213886411037e-01 3.435088633868535468e-01
6.238601862004079512e-01 8.530716978934799188e-01 3.451730968230929952e-01
5.597886270825447319e-01 8.621555175305521956e-01 3.444023517633917342e-01
5.668539386491442400e-01 8.620733368671419372e-01 3.443656662080562536e-01
5.884511847714428701e-01 8.614918668274679225e-01 3.436638353160944570e-01
6.022512453464575755e-01 8.613025594632224280e-01 3.435349241741050275e-01
6.092156882246817506e-01 8.610722011035065737e-01 3.440663582141734733e-01
6.236648950743963749e-01 8.603888127748480219e-01 3.450878791017381597e-01
5.530575481540898064e-01 8.693746608862482628e-01 3.445104615345067067e-01
5.735555779372276675e-01 8.690811217615339590e-01 3.445940084014491589e-01
5.953768549321551973e-01 8.684059005118154317e-01 3.439519408833988656e-01
6.020550665725222794e-01 8.681309772817003001e-01 3.440375517497857860e-01
5.530713742145010325e-01 8.764679628600388073e-01 3.447732769777862027e-01
5.598411990499739810e-01 8.764083635150896612e-01 3.448181664129665314e-01
5.664031647795199076e-01 8.763274208027285184e-01 3.447612364261385953e-01
6.088787206272400221e-01 8.753317953947751251e-01 3.447061246330470619e-01
6.158040004883467144e-01 8.749847114887682187e-01 3.446996900167033639e-01
5.598150906201879717e-01 8.828316058485417006e-01 3.450796306173341543e-01
5.663917180332848078e-01 8.827751267226663368e-01 3.447833329873465913e-01
5.733041701061812878e-01 8.829164301381139390e-01 3.448573491280903514e-01
5.803946749954004281e-01 8.828930286465874744e-01 3.449441738842350391e-01
5.950286178507608881e-01 8.826491273753535038e-01 3.447628551583131196e-01
6.019996103391748177e-01 8.826451189624660021e-01 3.449121585149454994e-01
6.085987641358628908e-01 8.824583483723175137e-01 3.450037220878958144e-01
6.158112292749196026e-01 8.825817822217117969e-01 3.448552591840518544e-01
5.947553994238906627e-01 8.900160026517514034e-01 3.449429007157922000e-01
6.018116629786273153e-01 8.895945064329674468e-01 3.450286300643325421e-01
6.087529696996885065e-01 8.896471234118044080e-01 3.450325146517734254e-01
5.958925261865080092e-01 8.315127455601132311e-01 3.515233902338613659e-01
5.884169846813154248e-01 8.390633723382032727e-01 3.517956857445608820e-01
5.960840959475360856e-01 8.390003583848223423e-01 3.515263192463665143e-01
6.034376523419185956e-01 8.389702166312882348e-01 3.516879846606363880e-01
6.032647694008482775e-01 8.461752729073235280e-01 3.515032999449536066e-01
5.883785401620884592e-01 8.543265164428199832e-01 3.516906645389986652e-01
6.098904330749174152e-01 8.533515162945519705e-01 3.519986750710440426e-01
5.881567237057727660e-01 8.617062645711330848e-01 3.518450407922532608e-01
5.954036303961548482e-01 8.615948324312768802e-01 3.516397203314207687e-01
5.952903705836780635e-01 8.687761074232883685e-01 3.517928579350573792e-01
6.021717188419425382e-01 8.685556795372433303e-01 3.517530171547130768e-01
