# The power spectrum definition is smaller than CAMB by a factor 8 pi^3.
#       k [h/Mpc]           P_cdm          P_vcdm         P_total
          0.0001     0.000260376     0.000260376     0.000260376
     0.000106333     0.000276264     0.000276264     0.000276264
     0.000113066      0.00029312      0.00029312      0.00029312
     0.000120226     0.000311004     0.000311004     0.000311004
      0.00012784     0.000329978     0.000329978     0.000329978
     0.000135936     0.000350108     0.000350108     0.000350108
     0.000144544     0.000371463     0.000371463     0.000371463
     0.000153697      0.00039412      0.00039412      0.00039412
     0.000163431     0.000418156     0.000418156     0.000418156
      0.00017378     0.000443654     0.000443654     0.000443654
     0.000184785     0.000470704     0.000470704     0.000470704
     0.000196487     0.000499398     0.000499398     0.000499398
      0.00020893     0.000529836     0.000529836     0.000529836
      0.00022216     0.000562124     0.000562124     0.000562124
     0.000236229     0.000596371     0.000596371     0.000596371
     0.000251189     0.000632696     0.000632696     0.000632696
     0.000267096     0.000671223     0.000671223     0.000671223
      0.00028401     0.000712083     0.000712083     0.000712083
     0.000301995     0.000755416     0.000755416     0.000755416
     0.000321119     0.000801367     0.000801367     0.000801367
     0.000341455     0.000850093     0.000850093     0.000850093
     0.000363078     0.000901756     0.000901756     0.000901756
     0.000386071     0.000956529     0.000956529     0.000956529
     0.000410519      0.00101459      0.00101459      0.00101459
     0.000436516      0.00107614      0.00107614      0.00107614
     0.000464159      0.00114137      0.00114137      0.00114137
     0.000493552      0.00121049      0.00121049      0.00121049
     0.000524807      0.00128374      0.00128374      0.00128374
     0.000558042      0.00136133      0.00136133      0.00136133
     0.000593381      0.00144351      0.00144351      0.00144351
     0.000630957      0.00153054      0.00153054      0.00153054
     0.000670914      0.00162268      0.00162268      0.00162268
       0.0007134      0.00172021      0.00172021      0.00172021
     0.000758578      0.00182341      0.00182341      0.00182341
     0.000806616      0.00193258      0.00193258      0.00193258
     0.000857696      0.00204803      0.00204803      0.00204803
     0.000912011      0.00217008      0.00217008      0.00217008
     0.000969765      0.00229905      0.00229905      0.00229905
      0.00103118      0.00243527      0.00243527      0.00243527
      0.00109648      0.00257908      0.00257908      0.00257908
      0.00116591      0.00273083      0.00273083      0.00273083
      0.00123975      0.00289085      0.00289085      0.00289085
      0.00131826       0.0030595       0.0030595       0.0030595
      0.00140174      0.00323712      0.00323712      0.00323712
       0.0014905      0.00342405      0.00342405      0.00342405
      0.00158489      0.00362062      0.00362062      0.00362062
      0.00168526      0.00382714      0.00382714      0.00382714
      0.00179198      0.00404391      0.00404391      0.00404391
      0.00190546      0.00427122      0.00427122      0.00427122
      0.00202613       0.0045093       0.0045093       0.0045093
      0.00215443      0.00475838      0.00475838      0.00475838
      0.00229087      0.00501862      0.00501862      0.00501862
      0.00243594      0.00529017      0.00529017      0.00529017
       0.0025902       0.0055731       0.0055731       0.0055731
      0.00275423      0.00586741      0.00586741      0.00586741
      0.00292864      0.00617305      0.00617305      0.00617305
      0.00311411      0.00648988      0.00648988      0.00648988
      0.00331131      0.00681769      0.00681769      0.00681769
      0.00352101      0.00715613      0.00715613      0.00715613
      0.00374398       0.0075048       0.0075048       0.0075048
      0.00398107      0.00786315      0.00786315      0.00786315
      0.00423318       0.0082305       0.0082305       0.0082305
      0.00450125      0.00860607      0.00860607      0.00860607
       0.0047863      0.00898891      0.00898891      0.00898891
       0.0050894      0.00937793      0.00937793      0.00937793
       0.0054117      0.00977188      0.00977188      0.00977188
       0.0057544       0.0101693       0.0101693       0.0101693
      0.00611881       0.0105687       0.0105687       0.0105687
      0.00650629       0.0109683       0.0109683       0.0109683
      0.00691831        0.011366        0.011366        0.011366
      0.00735642       0.0117598       0.0117598       0.0117598
      0.00782228       0.0121473       0.0121473       0.0121473
      0.00831764        0.012526        0.012526        0.012526
      0.00884437        0.012893        0.012893        0.012893
      0.00940445       0.0132454       0.0132454       0.0132454
            0.01         0.01358         0.01358         0.01358
       0.0106333       0.0138934       0.0138934       0.0138934
       0.0113066       0.0141818       0.0141818       0.0141818
       0.0120226       0.0144414       0.0144414       0.0144414
        0.012784        0.014668        0.014668        0.014668
       0.0135936       0.0148574       0.0148574       0.0148574
       0.0144544        0.015005        0.015005        0.015005
       0.0153697       0.0151062       0.0151062       0.0151062
       0.0163431       0.0151563       0.0151563       0.0151563
        0.017378       0.0151508       0.0151508       0.0151508
       0.0184785       0.0150856       0.0150856       0.0150856
       0.0196487        0.014957        0.014957        0.014957
        0.020893       0.0147624       0.0147624       0.0147624
        0.022216       0.0145004       0.0145004       0.0145004
       0.0236229       0.0141717       0.0141717       0.0141717
       0.0251189       0.0137789       0.0137789       0.0137789
       0.0267096       0.0133272       0.0133272       0.0133272
        0.028401       0.0128246       0.0128246       0.0128246
       0.0301995       0.0122816       0.0122816       0.0122816
       0.0321119       0.0117104       0.0117104       0.0117104
       0.0341455       0.0111246       0.0111246       0.0111246
       0.0363078       0.0105382       0.0105382       0.0105382
       0.0386071      0.00996407      0.00996407      0.00996407
       0.0410519      0.00941378      0.00941378      0.00941378
       0.0436516      0.00889657      0.00889657      0.00889657
       0.0464159       0.0084192       0.0084192       0.0084192
       0.0493552      0.00798574      0.00798574      0.00798574
       0.0524807      0.00759723      0.00759723      0.00759723
       0.0558042      0.00725105      0.00725105      0.00725105
       0.0593381      0.00693991      0.00693991      0.00693991
       0.0630957      0.00665081      0.00665081      0.00665081
       0.0670914      0.00636479      0.00636479      0.00636479
         0.07134      0.00605854      0.00605854      0.00605854
       0.0758578      0.00570915      0.00570915      0.00570915
       0.0806616      0.00530204      0.00530204      0.00530204
       0.0857696      0.00483978      0.00483978      0.00483978
       0.0912011      0.00434716      0.00434716      0.00434716
       0.0969765      0.00386731      0.00386731      0.00386731
        0.103118      0.00344776      0.00344776      0.00344776
        0.109648      0.00312138      0.00312138      0.00312138
        0.116591      0.00289071      0.00289071      0.00289071
        0.123975      0.00272255      0.00272255      0.00272255
        0.131826      0.00255893      0.00255893      0.00255893
        0.140174      0.00234833      0.00234833      0.00234833
         0.14905      0.00208419      0.00208419      0.00208419
        0.158489      0.00181393      0.00181393      0.00181393
        0.168526      0.00159873      0.00159873      0.00159873
        0.179198      0.00145828      0.00145828      0.00145828
        0.190546       0.0013535       0.0013535       0.0013535
        0.202613      0.00122772      0.00122772      0.00122772
        0.215443      0.00107392      0.00107392      0.00107392
        0.229087     0.000938413     0.000938413     0.000938413
        0.243594     0.000846743     0.000846743     0.000846743
         0.25902     0.000768467     0.000768467     0.000768467
        0.275423     0.000676691     0.000676691     0.000676691
        0.292864     0.000592937     0.000592937     0.000592937
        0.311411     0.000531224     0.000531224     0.000531224
        0.331131     0.000471605     0.000471605     0.000471605
        0.352101     0.000413309     0.000413309     0.000413309
        0.374398     0.000366748     0.000366748     0.000366748
        0.398107      0.00032335      0.00032335      0.00032335
        0.423318     0.000284173     0.000284173     0.000284173
        0.450125     0.000250608     0.000250608     0.000250608
         0.47863     0.000219856     0.000219856     0.000219856
         0.50894     0.000193239     0.000193239     0.000193239
         0.54117     0.000169351     0.000169351     0.000169351
         0.57544     0.000148445     0.000148445     0.000148445
        0.611881     0.000129906     0.000129906     0.000129906
        0.650629      0.00011361      0.00011361      0.00011361
        0.691831     9.92667e-05     9.92667e-05     9.92667e-05
        0.735642     8.66472e-05     8.66472e-05     8.66472e-05
        0.782228     7.55715e-05     7.55715e-05     7.55715e-05
        0.831764     6.58579e-05     6.58579e-05     6.58579e-05
        0.884437     5.73444e-05     5.73444e-05     5.73444e-05
        0.940445     4.98908e-05     4.98908e-05     4.98908e-05
               1     4.33718e-05     4.33718e-05     4.33718e-05
         1.06333     3.76757e-05     3.76757e-05     3.76757e-05
         1.13066     3.27031e-05     3.27031e-05     3.27031e-05
         1.20226     2.83658e-05     2.83658e-05     2.83658e-05
          1.2784      2.4586e-05      2.4586e-05      2.4586e-05
         1.35936     2.12952e-05     2.12952e-05     2.12952e-05
         1.44544     1.84321e-05     1.84321e-05     1.84321e-05
         1.53697      1.5943e-05      1.5943e-05      1.5943e-05
         1.63431     1.37811e-05     1.37811e-05     1.37811e-05
          1.7378     1.19047e-05     1.19047e-05     1.19047e-05
         1.84785     1.02772e-05     1.02772e-05     1.02772e-05
         1.96487     8.86673e-06     8.86673e-06     8.86673e-06
          2.0893     7.64524e-06     7.64524e-06     7.64524e-06
          2.2216     6.58812e-06     6.58812e-06     6.58812e-06
         2.36229      5.6739e-06      5.6739e-06      5.6739e-06
         2.51189     4.88376e-06     4.88376e-06     4.88376e-06
         2.67096     4.20134e-06     4.20134e-06     4.20134e-06
          2.8401     3.61232e-06     3.61232e-06     3.61232e-06
         3.01995     3.10423e-06     3.10423e-06     3.10423e-06
         3.21119     2.66623e-06     2.66623e-06     2.66623e-06
         3.41455     2.28888e-06     2.28888e-06     2.28888e-06
         3.63078     1.96395e-06     1.96395e-06     1.96395e-06
         3.86071     1.68434e-06     1.68434e-06     1.68434e-06
         4.10519     1.44386e-06     1.44386e-06     1.44386e-06
         4.36516     1.23713e-06     1.23713e-06     1.23713e-06
         4.64159     1.05953e-06     1.05953e-06     1.05953e-06
         4.93552     9.07024e-07     9.07024e-07     9.07024e-07
         5.24807     7.76134e-07     7.76134e-07     7.76134e-07
         5.58042     6.63852e-07     6.63852e-07     6.63852e-07
         5.93381     5.67579e-07     5.67579e-07     5.67579e-07
         6.30957     4.85073e-07     4.85073e-07     4.85073e-07
         6.70914     4.14397e-07     4.14397e-07     4.14397e-07
           7.134     3.53882e-07     3.53882e-07     3.53882e-07
         7.58578     3.02091e-07     3.02091e-07     3.02091e-07
         8.06616     2.57784e-07     2.57784e-07     2.57784e-07
         8.57696     2.19897e-07     2.19897e-07     2.19897e-07
         9.12011     1.87512e-07     1.87512e-07     1.87512e-07
         9.69765     1.59842e-07     1.59842e-07     1.59842e-07
         10.3118     1.36209e-07     1.36209e-07     1.36209e-07
         10.9648     1.16032e-07     1.16032e-07     1.16032e-07
         11.6591     9.88118e-08     9.88118e-08     9.88118e-08
         12.3975      8.4121e-08      8.4121e-08      8.4121e-08
         13.1826     7.15923e-08     7.15923e-08     7.15923e-08
         14.0174     6.09113e-08     6.09113e-08     6.09113e-08
          14.905     5.18086e-08     5.18086e-08     5.18086e-08
         15.8489     4.40535e-08     4.40535e-08     4.40535e-08
         16.8526     3.74486e-08     3.74486e-08     3.74486e-08
         17.9198     3.18253e-08     3.18253e-08     3.18253e-08
         19.0546      2.7039e-08      2.7039e-08      2.7039e-08
         20.2613     2.29665e-08     2.29665e-08     2.29665e-08
         21.5443     1.95024e-08     1.95024e-08     1.95024e-08
         22.9087     1.65565e-08     1.65565e-08     1.65565e-08
         24.3594     1.40522e-08     1.40522e-08     1.40522e-08
          25.902     1.19237e-08     1.19237e-08     1.19237e-08
         27.5423     1.01152e-08     1.01152e-08     1.01152e-08
         29.2864     8.57906e-09     8.57906e-09     8.57906e-09
         31.1411     7.27451e-09     7.27451e-09     7.27451e-09
         33.1131     6.16696e-09     6.16696e-09     6.16696e-09
         35.2101     5.22688e-09     5.22688e-09     5.22688e-09
         37.4398     4.42915e-09     4.42915e-09     4.42915e-09
         39.8107     3.75238e-09     3.75238e-09     3.75238e-09
         42.3318     3.17837e-09     3.17837e-09     3.17837e-09
         45.0125     2.69161e-09     2.69161e-09     2.69161e-09
          47.863     2.27895e-09     2.27895e-09     2.27895e-09
          50.894     1.92918e-09     1.92918e-09     1.92918e-09
          54.117     1.63277e-09     1.63277e-09     1.63277e-09
          57.544     1.38165e-09     1.38165e-09     1.38165e-09
         61.1881     1.16894e-09     1.16894e-09     1.16894e-09
         65.0629      9.8879e-10      9.8879e-10      9.8879e-10
         69.1831     8.36258e-10     8.36258e-10     8.36258e-10
         73.5642     7.07133e-10     7.07133e-10     7.07133e-10
         78.2228     5.97843e-10     5.97843e-10     5.97843e-10
         83.1764     5.05359e-10     5.05359e-10     5.05359e-10
         88.4437     4.27112e-10     4.27112e-10     4.27112e-10
         94.0445     3.60921e-10     3.60921e-10     3.60921e-10
             100      3.0494e-10      3.0494e-10      3.0494e-10
         106.333     2.57601e-10     2.57601e-10     2.57601e-10
         113.066     2.17577e-10     2.17577e-10     2.17577e-10
         120.226     1.83744e-10     1.83744e-10     1.83744e-10
          127.84     1.55149e-10     1.55149e-10     1.55149e-10
         135.936     1.30985e-10     1.30985e-10     1.30985e-10
         144.544     1.10569e-10     1.10569e-10     1.10569e-10
         153.697     9.33213e-11     9.33213e-11     9.33213e-11
         163.431     7.87533e-11     7.87533e-11     7.87533e-11
          173.78     6.64504e-11     6.64504e-11     6.64504e-11
         184.785     5.60618e-11     5.60618e-11     5.60618e-11
         196.487     4.72911e-11     4.72911e-11     4.72911e-11
          208.93     3.98874e-11     3.98874e-11     3.98874e-11
          222.16     3.36384e-11     3.36384e-11     3.36384e-11
         236.229     2.83649e-11     2.83649e-11     2.83649e-11
         251.189     2.39151e-11     2.39151e-11     2.39151e-11
         267.096     2.01609e-11     2.01609e-11     2.01609e-11
          284.01      1.6994e-11      1.6994e-11      1.6994e-11
         301.995     1.43228e-11     1.43228e-11     1.43228e-11
         321.119     1.20702e-11     1.20702e-11     1.20702e-11
         341.455     1.01706e-11     1.01706e-11     1.01706e-11
         363.078       8.569e-12       8.569e-12       8.569e-12
         386.071     7.21881e-12     7.21881e-12     7.21881e-12
         410.519     6.08069e-12     6.08069e-12     6.08069e-12
         436.516     5.12146e-12     5.12146e-12     5.12146e-12
         464.159     4.31308e-12     4.31308e-12     4.31308e-12
         493.552     3.63192e-12     3.63192e-12     3.63192e-12
         524.807     3.05801e-12     3.05801e-12     3.05801e-12
         558.042     2.57453e-12     2.57453e-12     2.57453e-12
         593.381     2.16727e-12     2.16727e-12     2.16727e-12
         630.957     1.82425e-12     1.82425e-12     1.82425e-12
         670.914     1.53537e-12     1.53537e-12     1.53537e-12
           713.4     1.29212e-12     1.29212e-12     1.29212e-12
         758.578     1.08729e-12     1.08729e-12     1.08729e-12
         806.616     9.14854e-13     9.14854e-13     9.14854e-13
         857.696     7.69691e-13     7.69691e-13     7.69691e-13
         912.011     6.47502e-13     6.47502e-13     6.47502e-13
         969.765     5.44662e-13     5.44662e-13     5.44662e-13
         1031.18     4.58114e-13     4.58114e-13     4.58114e-13
         1096.48     3.85285e-13     3.85285e-13     3.85285e-13
         1165.91     3.24006e-13     3.24006e-13     3.24006e-13
         1239.75      2.7245e-13      2.7245e-13      2.7245e-13
         1318.26     2.29078e-13     2.29078e-13     2.29078e-13
         1401.74     1.92595e-13     1.92595e-13     1.92595e-13
          1490.5     1.61908e-13     1.61908e-13     1.61908e-13
         1584.89       1.361e-13       1.361e-13       1.361e-13
         1685.26     1.14397e-13     1.14397e-13     1.14397e-13
         1791.98     9.61464e-14     9.61464e-14     9.61464e-14
         1905.46     8.08014e-14     8.08014e-14     8.08014e-14
         2026.13     6.79003e-14     6.79003e-14     6.79003e-14
         2154.43     5.70546e-14     5.70546e-14     5.70546e-14
         2290.87     4.79377e-14     4.79377e-14     4.79377e-14
         2435.94     4.02746e-14     4.02746e-14     4.02746e-14
          2590.2      3.3834e-14      3.3834e-14      3.3834e-14
         2754.23     2.84213e-14     2.84213e-14     2.84213e-14
         2928.64     2.38728e-14     2.38728e-14     2.38728e-14
         3114.11     2.00508e-14     2.00508e-14     2.00508e-14
         3311.31     1.68395e-14     1.68395e-14     1.68395e-14
         3521.01     1.41416e-14     1.41416e-14     1.41416e-14
         3743.98      1.1875e-14      1.1875e-14      1.1875e-14
         3981.07     9.97112e-15     9.97112e-15     9.97112e-15
         4233.18     8.37189e-15     8.37189e-15     8.37189e-15
         4501.25     7.02869e-15     7.02869e-15     7.02869e-15
          4786.3      5.9006e-15      5.9006e-15      5.9006e-15
          5089.4     4.95325e-15     4.95325e-15     4.95325e-15
          5411.7     4.15774e-15     4.15774e-15     4.15774e-15
          5754.4     3.48976e-15     3.48976e-15     3.48976e-15
         6118.81     2.92892e-15     2.92892e-15     2.92892e-15
         6506.29     2.45806e-15     2.45806e-15     2.45806e-15
         6918.31     2.06277e-15     2.06277e-15     2.06277e-15
         7356.42     1.73094e-15     1.73094e-15     1.73094e-15
         7822.28     1.45241e-15     1.45241e-15     1.45241e-15
         8317.64     1.21862e-15     1.21862e-15     1.21862e-15
         8844.37     1.02241e-15     1.02241e-15     1.02241e-15
         9404.45     8.57735e-16     8.57735e-16     8.57735e-16
