#id num_p mvir mbound_vir rvir vmax rvmax vrms x y z vx vy vz Jx Jy Jz E Spin PosUncertainty VelUncertainty bulk_vx bulk_vy bulk_vz BulkVelUnc n_core m200b m200c m500c m2500c Xoff Voff spin_bullock b_to_a c_to_a A[x] A[y] A[z] b_to_a(500c) c_to_a(500c) A[x](500c) A[y](500c) A[z](500c) Rs Rs_Klypin T/|U| M_pe_Behroozi M_pe_Diemer Type SM Gas BH idx i_so i_ph num_cp mmetric
#a = 0.090909
#Bounds: (-0.000000, -0.000000, 0.476006) - (0.578200, 0.589200, 0.584700)
#Om = 0.315000; Ol = 0.685000; h = 0.674000
#FOF linking length: 0.280000
#Unbound Threshold: 0.500000; FOF Refinement Threshold: 0.700000
#Particle mass: 5.21122e+03 Msun/h
#Box size: 1.000000 Mpc/h
#Total particles processed: 42596
#Force resolution assumed: 0.000488281 Mpc/h
#Units: Masses in Msun / h
#Units: Positions in Mpc / h (comoving)
#Units: Velocities in km / s (physical, peculiar)
#Units: Halo Distances, Lengths, and Radii in kpc / h (comoving)
#Units: Angular Momenta in (Msun/h) * (Mpc/h) * km/s (physical)
#Units: Spins are dimensionless
#Units: Total energy in (Msun/h)*(km/s)^2 (physical)
#Note: idx, i_so, and i_ph are internal debugging quantities
#Np is an internal debugging quantity.
#Rockstar-Galaxies Version: 0.99.9-RC3-newA
0 193 5.732e+04 5.732e+04 0.958433 1.715522 0.921552 2.331888 0.521673 0.507805 0.527819 -7.946362 12.010240 -6.551601 0.491951 -2.28487 0.117079 77522.6 0.192549 0.000239 0.851226 -7.946362 12.010240 -6.551601 0.851226 9 5.732345e+04 4.690100e+04 0.000000e+00 0.000000e+00 81.668854 1.438301 0.196952 0.515008 0.072688 -0.093621 -0.002170 0.381304 0.000000 0.000000 0.000000 0.000000 0.000000 0.276904 0.276904 2.048648 1.781057e+05 6.774300e+04 0 0.000000e+00 0.000000e+00 0.000000e+00 0 -1 -1 193 10000000000.000000
1 28 6.775e+04 4.169e+04 0.861908 1.526304 0.846696 2.320223 0.462770 0.544457 0.526161 12.228346 5.340349 -0.575264 -0.883132 -1.2706 -0.483512 17206.6 0.139318 0.000201 1.170259 12.228346 5.340349 -0.575264 1.170259 11 3.126733e+04 3.126733e+04 0.000000e+00 0.000000e+00 110.968109 1.197456 0.231979 0.562565 0.071031 0.294803 -0.257897 -0.232606 0.000000 0.000000 0.000000 0.000000 0.000000 0.290922 0.290922 1.347416 3.461704e+04 4.689900e+04 0 0.000000e+00 0.000000e+00 0.000000e+00 4 3 -1 28 3.259191
2 102 6.775e+04 6.775e+04 1.013317 1.789426 1.001004 1.442796 0.523529 0.521969 0.541328 -10.861867 7.362651 -4.075831 0.280457 -0.64456 0.0160687 -14178.1 0.0162945 0.000266 0.393925 -10.861867 7.362651 -4.075831 0.393925 11 4.690100e+04 4.690100e+04 0.000000e+00 0.000000e+00 70.506287 1.056961 0.044795 0.378000 0.000000 -0.041389 -0.035889 0.279671 0.000000 0.000000 0.000000 0.000000 0.000000 0.361189 0.361189 0.863635 1.905223e+05 1.250640e+05 0 0.000000e+00 0.000000e+00 0.000000e+00 7 -1 -1 146 10000000000.000000
3 44 3.648e+04 3.648e+04 0.824385 1.613948 0.662581 2.358483 0.525714 0.522453 0.545657 -9.707677 7.941034 -5.397309 -0.294931 0.27672 0.230524 36074.3 0.080881 0.000238 1.269210 -9.707677 7.941034 -5.397309 1.269210 5 3.647855e+04 3.647855e+04 2.605611e+04 0.000000e+00 131.514267 1.950562 0.083216 0.191233 0.003460 0.232145 0.205275 0.014389 0.012497 0.000000 0.265202 0.181286 0.024596 0.121052 0.121052 1.981572 8.993415e+04 2.605500e+04 0 0.000000e+00 0.000000e+00 0.000000e+00 8 7 -1 44 5.153392
4 85 1.563e+04 1.563e+04 0.621543 1.168752 0.541498 2.533378 0.487585 0.536021 0.509251 -6.176067 0.091667 -6.914068 0.00925826 0.0168711 0.00269182 -2043.83 0.00668338 0.000322 0.000000 -6.176067 0.091667 -6.914068 0.000000 1 1.563367e+04 1.563367e+04 0.000000e+00 0.000000e+00 295.175659 3.090425 0.014260 0.000000 0.000000 0.000000 0.000000 0.000000 0.000000 0.000000 0.000000 0.000000 0.000000 0.116906 0.116906 0.223295 3.707329e+04 1.042200e+04 0 0.000000e+00 0.000000e+00 0.000000e+00 12 -1 -1 85 10000000000.000000
5 38 2.084e+04 2.084e+04 0.684097 1.235779 0.645801 2.152348 0.521889 0.557656 0.552689 -8.816159 -3.244538 -1.165041 -0.0717635 0.086867 0.154301 11437.9 0.0757289 0.000355 0.000000 -8.816159 -3.244538 -1.165041 0.000000 2 2.084489e+04 2.084489e+04 0.000000e+00 0.000000e+00 235.695816 2.366551 0.086803 0.770607 0.014365 0.184151 -0.180390 0.045506 0.000000 0.000000 0.000000 0.000000 0.000000 0.178459 0.178459 2.448889 6.308961e+04 2.084400e+04 0 0.000000e+00 0.000000e+00 0.000000e+00 17 -1 -1 38 10000000000.000000
6 33 9.901e+04 8.859e+04 1.108104 1.955182 1.096464 2.148479 0.444558 0.504761 0.528450 5.765814 11.104809 -3.206294 0.863114 -0.957867 -1.26047 67301.7 0.0465564 0.000193 0.640133 5.765814 11.104809 -3.206294 0.640133 17 7.816834e+04 7.816834e+04 0.000000e+00 0.000000e+00 50.391529 0.879150 0.073459 0.749013 0.016648 -0.189351 0.295006 0.017232 0.000000 0.000000 0.000000 0.000000 0.000000 0.402370 0.402370 1.354361 7.303010e+04 8.858700e+04 0 0.000000e+00 0.000000e+00 0.000000e+00 18 -1 -1 33 10000000000.000000
7 30 3.127e+04 3.127e+04 0.783095 1.442465 0.710985 2.173353 0.527317 0.522625 0.548439 -10.218341 6.912163 -5.026677 -0.446509 0.11175 0.0431769 13106.7 0.0711799 0.000229 0.960931 -10.218341 6.912163 -5.026677 0.960931 4 3.126733e+04 3.126733e+04 0.000000e+00 0.000000e+00 153.844070 2.220235 0.106851 0.549659 0.147617 0.163118 0.235586 0.212912 0.000000 0.000000 0.000000 0.000000 0.000000 0.171504 0.171504 1.632444 6.552512e+04 2.605500e+04 0 0.000000e+00 0.000000e+00 0.000000e+00 23 -1 -1 30 10000000000.000000
8 30 1.563e+05 1.251e+05 1.243086 3.302431 0.519972 2.374037 0.496835 0.521749 0.476488 3.064203 -4.578682 -9.530167 0.473735 0.431233 -0.36984 -178165 0.0131222 0.000067 0.923140 3.064203 -4.578682 -9.530167 0.923140 28 1.250693e+05 1.250693e+05 1.250693e+05 1.094357e+05 35.955929 1.189020 0.016962 0.895864 0.668853 0.207040 0.036210 0.072472 0.895864 0.668853 0.207040 0.036210 0.072472 0.052032 0.052032 0.747743 2.304383e+05 3.126600e+04 0 0.000000e+00 0.000000e+00 0.000000e+00 192 205 -1 30 2.099218
9 13912 6.136e+07 3.514e+07 8.142106 15.079675 3.829628 19.294641 0.498701 0.521129 0.476461 -2.890400 1.240103 -9.912796 32753.1 19434.3 -9619.78 -1.12258e+09 0.0417889 0.000030 0.781734 -4.254797 2.634857 -7.380720 0.178007 487 3.364365e+07 3.361760e+07 2.323684e+07 9.239497e+06 1.158957 2.898262 0.074717 0.443376 0.323554 -0.028804 0.594773 1.122281 0.396766 0.307533 -0.051776 0.552662 0.871009 1.704604 1.708763 0.855089 4.031390e+07 3.015862e+07 0 0.000000e+00 0.000000e+00 0.000000e+00 205 -1 -1 42858 10000000000.000000
10 459 2.319e+06 1.480e+06 2.832720 6.086499 0.785356 6.858183 0.499377 0.521950 0.480631 1.645856 -3.262792 1.633673 148.625 47.1757 -41.1601 -6.72959e+06 0.0365027 0.000031 0.622853 0.716551 -2.019638 6.161165 0.441369 99 1.474776e+06 1.474776e+06 1.245482e+06 6.670364e+05 3.010785 1.796301 0.060181 0.485611 0.428637 -0.020288 0.023105 0.464614 0.397134 0.373064 0.039400 -0.015567 0.412860 0.193725 0.264245 0.853469 1.472501e+06 6.044760e+05 0 0.000000e+00 0.000000e+00 0.000000e+00 209 205 -1 524 2.145870
11 67 2.970e+05 2.918e+05 1.648771 3.113282 1.042958 1.615175 0.502603 0.523733 0.497287 0.533536 2.259201 -9.414114 0.124937 0.290542 -1.83738 -1.47353e+06 0.011437 0.000108 0.282562 0.533536 2.259201 -9.414114 0.282562 55 2.814060e+05 2.814060e+05 2.136601e+05 0.000000e+00 15.666356 0.313923 0.010415 0.378258 0.159297 0.321533 -0.120347 0.279761 0.413583 0.179777 0.277186 -0.109740 0.245477 0.301533 0.301533 0.305933 2.684619e+05 2.344950e+05 0 0.000000e+00 0.000000e+00 0.000000e+00 248 249 -1 67 3.342028
12 825 2.194e+06 2.095e+06 3.180579 5.905441 0.749413 5.798311 0.501523 0.526195 0.496186 0.263866 -2.267681 -13.523955 -264.577 -14.3318 15.3104 -2.22882e+07 0.0458616 0.000036 0.511898 0.600240 -2.515912 -12.124150 0.317010 99 1.990687e+06 1.980264e+06 1.250693e+06 5.940793e+05 2.124014 1.107168 0.055501 0.744959 0.582837 -0.185659 0.489804 -0.125807 0.874230 0.728780 0.118602 0.367026 0.081382 1.121245 0.654937 0.628953 1.774888e+06 2.652399e+06 0 0.000000e+00 0.000000e+00 0.000000e+00 249 205 -1 1132 6.310601
13 36 1.094e+05 6.253e+04 0.986638 2.108031 0.499354 2.300794 0.506787 0.527920 0.499222 4.190619 -5.662709 -7.685686 0.367301 0.149627 -0.594551 85900.7 0.0498 0.000134 0.942788 4.190619 -5.662709 -7.685686 0.942788 19 6.253466e+04 6.253466e+04 5.732345e+04 0.000000e+00 73.835869 1.324722 0.052030 0.540463 0.519594 0.124890 0.244543 -0.137292 0.723007 0.557607 0.061006 0.220171 -0.161483 0.094335 0.094335 1.641530 6.942675e+04 2.605500e+04 0 0.000000e+00 0.000000e+00 0.000000e+00 250 249 -1 52 5.468641
14 505 7.556e+05 7.348e+05 2.243041 4.117792 1.832152 4.367419 0.491009 0.527627 0.492107 -3.207017 1.971551 -14.260597 43.5046 -21.7408 7.70446 -2.67311e+06 0.0404436 0.000083 0.478447 -3.247819 1.994150 -14.322290 0.433141 99 7.087262e+05 7.087262e+05 4.481651e+05 1.094357e+05 6.092491 0.374069 0.059028 0.577163 0.283430 0.352240 0.079899 0.365084 0.822370 0.274170 0.239717 0.060802 0.291911 0.539588 0.504933 0.726480 6.315829e+05 7.191180e+05 0 0.000000e+00 0.000000e+00 0.000000e+00 251 205 -1 505 7.924472
15 28 1.251e+05 8.859e+04 1.108104 2.061770 0.986026 4.635242 0.493818 0.527167 0.492184 -3.972709 -1.914910 -13.676615 3.74144 0.048629 -3.3937 700499 0.420793 0.000142 1.288976 -3.972709 -1.914910 -13.676615 1.288976 22 8.859077e+04 8.859077e+04 5.732345e+04 0.000000e+00 51.395962 1.186656 0.205799 0.172821 0.097411 0.267768 0.123530 -0.130533 0.181222 0.004831 0.205621 0.116194 -0.132200 0.224641 0.224641 3.920449 8.120973e+04 6.774300e+04 0 0.000000e+00 0.000000e+00 0.000000e+00 252 253 -1 28 0.686861
16 62 3.856e+05 2.084e+05 1.473842 2.625781 1.251615 3.485645 0.493587 0.526496 0.491968 -4.046924 -1.263904 -12.664558 -0.690837 -9.13753 -10.3247 347704 0.0953997 0.000155 0.653725 -4.046924 -1.263904 -12.664558 0.653725 72 2.032377e+05 1.928152e+05 9.901322e+04 0.000000e+00 21.634998 1.791602 0.135112 0.633513 0.197502 -0.091680 0.369409 0.231855 0.475618 0.016680 0.234126 -0.159500 0.103417 0.452500 0.452500 1.287560 1.729964e+05 2.449170e+05 0 0.000000e+00 0.000000e+00 0.000000e+00 253 256 -1 90 1.665224
17 56 2.137e+05 1.251e+05 1.243086 2.204896 1.217180 2.474522 0.493913 0.527199 0.493840 -2.707344 -3.627098 -15.837215 -0.445094 -0.403275 0.257706 -27202.5 0.00453033 0.000143 0.666486 -2.707344 -3.627098 -15.837215 0.666486 39 1.198581e+05 1.198581e+05 0.000000e+00 0.000000e+00 36.416397 1.550164 0.014987 0.769659 0.100143 0.467693 0.144311 0.041389 0.000000 0.000000 0.000000 0.000000 0.000000 0.408021 0.408021 0.940009 1.041896e+05 1.459080e+05 0 0.000000e+00 0.000000e+00 0.000000e+00 255 256 -1 56 1.238175
18 202 1.407e+06 1.344e+06 2.743495 4.822695 2.735016 5.216021 0.495424 0.526853 0.493083 -1.852789 -2.875778 -14.484948 78.8699 57.8307 -90.8427 -2.88302e+06 0.0251396 0.000141 0.559115 -2.113275 -2.771257 -14.482561 0.331839 99 1.224637e+06 1.219426e+06 1.094357e+05 0.000000e+00 3.817014 0.332728 0.058454 0.750347 0.149075 0.601903 0.155296 0.547265 0.356549 0.051732 0.161802 0.120376 0.317728 2.716902 1.113591 0.864449 1.120115e+06 1.719630e+06 0 0.000000e+00 0.000000e+00 0.000000e+00 256 205 -1 348 8.398127
19 33 2.606e+04 2.606e+04 0.736921 1.327260 0.699806 3.800323 0.490397 0.525842 0.502067 -15.799875 -2.860232 -12.719818 0.212937 0.275463 0.193001 -911.72 0.0255003 0.000262 0.000000 -15.799875 -2.860232 -12.719818 0.000000 3 2.605611e+04 2.605611e+04 0.000000e+00 0.000000e+00 175.425507 4.096880 0.124679 0.723119 0.398821 0.186819 -0.042789 0.230754 0.000000 0.000000 0.000000 0.000000 0.000000 0.198296 0.198296 0.933078 5.260069e+04 2.605500e+04 0 0.000000e+00 0.000000e+00 0.000000e+00 257 205 -1 33 31.338503
20 292 1.980e+05 1.980e+05 1.448857 2.674821 1.102759 3.039808 0.488423 0.529767 0.505617 -10.724894 -0.064394 -12.145128 2.96572 -10.0003 -2.05054 -43959.6 0.029695 0.000162 0.538430 -10.724894 -0.064394 -12.145128 0.538430 36 1.823928e+05 1.823928e+05 1.094357e+05 0.000000e+00 23.101770 0.426390 0.113330 0.494375 0.102602 0.129267 0.133780 0.464278 0.140385 0.128996 0.053573 -0.076195 0.386893 0.311682 0.311682 0.954088 3.245372e+05 1.771740e+05 0 0.000000e+00 0.000000e+00 0.000000e+00 258 205 -1 292 19.859604
21 114 1.042e+05 8.338e+04 1.085936 2.031897 0.955513 2.949045 0.499461 0.522186 0.495808 6.309223 -8.809066 -5.430303 -2.60033 3.2424 4.5813 187024 0.309815 0.000182 1.040623 6.309223 -8.809066 -5.430303 1.040623 18 8.337955e+04 8.337955e+04 0.000000e+00 0.000000e+00 54.830105 0.657330 0.278799 0.408651 0.037488 0.276622 -0.107220 0.238205 0.000000 0.000000 0.000000 0.000000 0.000000 0.211414 0.211414 2.043200 1.032776e+05 5.732100e+04 0 0.000000e+00 0.000000e+00 0.000000e+00 259 249 -1 114 3.923142
22 42 3.127e+04 2.606e+04 0.736921 1.384350 0.514622 2.757942 0.494788 0.536794 0.484167 8.127562 -11.673028 -1.605684 0.161314 0.142076 0.518273 34969.3 0.222592 0.000261 3.202011 8.127562 -11.673028 -1.605684 3.202011 4 2.605611e+04 2.605611e+04 0.000000e+00 0.000000e+00 175.226501 2.996155 0.175729 0.412922 0.019746 -0.063943 -0.069604 0.331499 0.000000 0.000000 0.000000 0.000000 0.000000 0.139543 0.139543 3.273032 6.451240e+04 2.084400e+04 0 0.000000e+00 0.000000e+00 0.000000e+00 262 205 -1 42 19.105627
23 26 5.732e+04 3.127e+04 0.783095 1.588779 0.586063 2.257324 0.498744 0.529987 0.494532 -0.811642 -7.477923 -11.830541 -0.256345 0.514806 0.042749 12132.8 0.0854288 0.000226 1.356230 -0.811642 -7.477923 -11.830541 1.356230 9 3.126733e+04 3.126733e+04 0.000000e+00 0.000000e+00 146.735321 2.962707 0.133288 0.489604 0.189775 0.237042 0.033095 0.177731 0.000000 0.000000 0.000000 0.000000 0.000000 0.095317 0.095317 1.492218 6.370027e+04 2.084400e+04 0 0.000000e+00 0.000000e+00 0.000000e+00 263 249 -1 26 4.937914
24 488 7.452e+05 7.452e+05 2.253597 4.534615 0.743414 3.606717 0.493871 0.538424 0.513715 12.740322 0.628563 -0.276893 9.99105 -10.4262 9.0308 -6.88253e+06 0.0216699 0.000072 0.343128 12.532377 0.564947 -0.356890 0.309103 99 7.087262e+05 7.087262e+05 5.784457e+05 2.553499e+05 6.328927 0.312956 0.019943 0.379806 0.324959 0.340691 0.292380 0.220410 0.297905 0.265140 0.340535 0.230603 0.187434 0.423126 0.285940 0.405675 6.696906e+05 6.148980e+05 0 0.000000e+00 0.000000e+00 0.000000e+00 267 294 -1 488 5.814924
25 46 8.338e+04 8.338e+04 1.085936 1.937678 0.985026 1.504695 0.496388 0.531813 0.509641 0.258691 2.520082 -8.936297 -0.326339 -1.92866 0.63117 -91233.1 0.0719007 0.000196 0.449896 0.258691 2.520082 -8.936297 0.449896 14 7.816834e+04 7.816834e+04 3.126733e+04 0.000000e+00 55.363117 0.580527 0.092639 0.712322 0.016493 -0.083459 0.492450 0.212635 0.330065 0.000000 0.359972 -0.194509 -0.110473 0.326482 0.326482 0.488827 1.757876e+05 1.042200e+05 0 0.000000e+00 0.000000e+00 0.000000e+00 269 205 -1 127 30.341469
26 34 6.775e+04 3.648e+04 0.824385 1.506484 0.760481 1.469299 0.494841 0.534273 0.514618 -0.659133 4.338169 -6.571934 -0.124704 1.22286 -0.77256 1160.25 0.0452385 0.000227 3.196994 -0.659133 4.338169 -6.571934 3.196994 11 3.647855e+04 3.647855e+04 0.000000e+00 0.000000e+00 127.470886 1.215697 0.259532 0.037015 0.000000 0.022169 0.269605 0.214887 0.000000 0.000000 0.000000 0.000000 0.000000 0.192960 0.192960 1.031565 3.784668e+04 3.647700e+04 0 0.000000e+00 0.000000e+00 0.000000e+00 270 294 -1 34 13.401129
27 44 7.817e+04 5.211e+04 0.928462 1.670106 0.883959 1.826424 0.495875 0.532609 0.512116 0.859828 2.337585 -7.526991 2.2731 0.325488 0.404695 29979.3 0.151406 0.000228 1.197093 0.859828 2.337585 -7.526991 1.197093 13 5.211222e+04 5.211222e+04 0.000000e+00 0.000000e+00 89.106812 0.784251 0.230021 0.307370 0.001111 -0.203990 -0.167928 0.376265 0.000000 0.000000 0.000000 0.000000 0.000000 0.253333 0.253333 1.453999 7.812691e+04 5.732100e+04 0 0.000000e+00 0.000000e+00 0.000000e+00 271 269 -1 44 2.547713
28 490 1.266e+06 1.245e+06 2.674424 5.938469 0.859955 5.477380 0.479034 0.549036 0.536677 9.865641 -1.777810 -3.705853 6.02217 7.99012 8.37427 -1.2211e+07 0.0061231 0.000034 0.543392 9.825036 -1.842661 -3.562072 0.366302 99 1.209004e+06 1.209004e+06 9.536537e+05 6.618252e+05 3.811017 0.315889 0.006491 0.946919 0.875102 -0.125835 -0.034892 0.356697 0.936585 0.695348 0.231344 0.073704 0.222228 0.151808 0.217075 0.615859 1.420989e+06 3.960360e+05 0 0.000000e+00 0.000000e+00 0.000000e+00 280 314 -1 827 4.415464
29 281 1.084e+06 1.079e+06 2.549300 5.265422 0.489121 5.027787 0.474064 0.550248 0.540172 8.128288 -6.584434 -6.545413 1.72779 32.8852 0.600452 -6.15296e+06 0.0157163 0.000043 0.496985 8.211214 -6.264378 -5.716552 0.361069 99 1.042244e+06 1.042244e+06 7.243599e+05 3.439407e+05 4.285380 0.920170 0.020820 0.950045 0.562781 0.186957 0.122846 0.352852 0.526177 0.377181 -0.181859 0.272566 0.010747 0.575218 0.284502 0.710108 8.939711e+05 1.005723e+06 0 0.000000e+00 0.000000e+00 0.000000e+00 307 280 -1 281 2.296840
30 1089 3.544e+06 1.975e+06 3.118726 6.758957 1.521982 7.809597 0.489849 0.542685 0.537828 -1.775525 1.995350 -10.481824 35.8986 -111.881 -72.0188 -1.07193e+07 0.0191356 0.000044 0.591107 -1.112341 1.495086 -8.804929 0.340887 99 1.975053e+06 1.975053e+06 1.782238e+06 9.588649e+05 2.133053 1.090763 0.031793 0.889010 0.647211 0.148629 0.008288 0.463921 0.846965 0.624907 0.190809 0.060958 0.400432 0.256416 0.280300 0.854018 2.225805e+06 9.796680e+05 0 0.000000e+00 0.000000e+00 0.000000e+00 314 294 -1 3404 3.376749
31 840 2.621e+06 1.516e+06 2.855805 6.454384 0.550419 6.170866 0.489940 0.543280 0.546033 -1.301885 -0.312258 -11.399051 -19.8025 -12.8403 85.0235 -2.06501e+07 0.0329192 0.000041 0.536556 -1.124523 -0.392450 -10.268255 0.343917 99 1.516466e+06 1.516466e+06 1.391396e+06 7.764721e+05 3.203503 0.721600 0.031618 0.840941 0.679202 -0.044210 -0.226329 0.365391 0.872784 0.683634 -0.046170 -0.275257 0.274372 0.202307 0.215735 0.585394 1.710216e+06 6.722190e+05 0 0.000000e+00 0.000000e+00 0.000000e+00 319 314 -1 977 2.271879
