#id num_p mvir mbound_vir rvir vmax rvmax vrms x y z vx vy vz Jx Jy Jz E Spin PosUncertainty VelUncertainty bulk_vx bulk_vy bulk_vz BulkVelUnc n_core m200b m200c m500c m2500c Xoff Voff spin_bullock b_to_a c_to_a A[x] A[y] A[z] b_to_a(500c) c_to_a(500c) A[x](500c) A[y](500c) A[z](500c) Rs Rs_Klypin T/|U| M_pe_Behroozi M_pe_Diemer Type SM Gas BH idx i_so i_ph num_cp mmetric
#a = 0.090909
#Bounds: (-0.000000, -0.000000, 0.392600) - (0.578200, 0.589200, 0.476006)
#Om = 0.315000; Ol = 0.685000; h = 0.674000
#FOF linking length: 0.280000
#Unbound Threshold: 0.500000; FOF Refinement Threshold: 0.700000
#Particle mass: 5.21122e+03 Msun/h
#Box size: 1.000000 Mpc/h
#Total particles processed: 42588
#Force resolution assumed: 0.000488281 Mpc/h
#Units: Masses in Msun / h
#Units: Positions in Mpc / h (comoving)
#Units: Velocities in km / s (physical, peculiar)
#Units: Halo Distances, Lengths, and Radii in kpc / h (comoving)
#Units: Angular Momenta in (Msun/h) * (Mpc/h) * km/s (physical)
#Units: Spins are dimensionless
#Units: Total energy in (Msun/h)*(km/s)^2 (physical)
#Note: idx, i_so, and i_ph are internal debugging quantities
#Np is an internal debugging quantity.
#Rockstar-Galaxies Version: 0.99.9-RC3-newA
32 94 5.211e+04 4.690e+04 0.896420 1.618891 0.846696 2.525557 0.498789 0.509062 0.422385 -16.501228 9.867767 5.269671 -0.350615 -0.249758 0.576401 7179.41 0.0297493 0.000260 1.126173 -16.501228 9.867767 5.269671 1.126173 8 4.690100e+04 4.690100e+04 0.000000e+00 0.000000e+00 92.002487 2.413150 0.084596 0.650511 0.000000 0.009270 0.332232 -0.246029 0.000000 0.000000 0.000000 0.000000 0.000000 0.234494 0.234494 1.144000 9.137004e+04 4.689900e+04 0 0.000000e+00 0.000000e+00 0.000000e+00 1 74 -1 94 28.980387
33 57 1.563e+04 1.042e+04 0.542968 1.004939 0.488281 7.141253 0.492359 0.509175 0.429546 -10.615078 16.364271 8.279038 0.0562514 0.138201 -0.0495486 17746.5 0.439096 0.000243 0.000000 -10.615078 16.364271 8.279038 0.000000 1 1.042244e+04 1.042244e+04 0.000000e+00 0.000000e+00 414.175751 11.223099 0.226773 0.000000 0.000000 0.000000 0.000000 0.000000 0.000000 0.000000 0.000000 0.000000 0.000000 0.114535 0.114535 0.000000 7.632575e+04 5.211000e+03 0 0.000000e+00 0.000000e+00 0.000000e+00 3 10 -1 57 5.692713
34 67 1.511e+05 1.355e+05 1.276699 2.669131 0.519124 3.366569 0.493623 0.502833 0.445766 1.429386 21.912861 10.801029 -0.242263 -1.73231 2.49471 106225 0.0341658 0.000099 0.729712 1.429386 21.912861 10.801029 0.729712 27 1.354918e+05 1.354918e+05 1.094357e+05 0.000000e+00 31.978798 0.784530 0.061140 0.682373 0.492551 0.098178 0.199996 0.217490 0.796649 0.453756 0.112161 0.172133 0.190339 0.134621 0.134621 1.180298 1.384155e+05 7.816500e+04 0 0.000000e+00 0.000000e+00 0.000000e+00 7 74 -1 67 10.943722
35 364 5.576e+05 4.377e+05 1.887371 3.366092 1.740836 5.017963 0.490741 0.510923 0.435167 -6.362476 14.453922 10.023843 -6.19747 4.6578 9.68491 2.08437e+06 0.0328453 0.000145 0.606547 -6.331935 14.551925 10.042373 0.598365 99 4.221090e+05 4.221090e+05 1.146469e+05 0.000000e+00 9.845416 0.278880 0.035258 0.855830 0.330098 -0.318615 0.086458 0.439570 0.809136 0.342073 0.268975 0.044513 -0.118396 0.571095 0.571095 1.619074 5.769085e+05 5.523660e+05 0 0.000000e+00 0.000000e+00 0.000000e+00 10 74 -1 488 9.645156
36 388 1.141e+06 1.126e+06 2.585724 4.851370 0.743788 3.880406 0.496624 0.509767 0.436049 1.532140 18.395868 9.471697 -6.3624 -33.0271 -5.84837 -1.1414e+07 0.019948 0.000061 0.337561 1.302840 18.099354 9.573745 0.272625 99 1.078723e+06 1.078723e+06 6.566140e+05 3.543631e+05 3.951775 0.343172 0.020103 0.773706 0.713571 0.120200 0.235576 0.397736 0.569884 0.489659 0.135087 0.107789 0.343415 1.755250 0.493875 0.459243 9.572906e+05 1.610199e+06 0 0.000000e+00 0.000000e+00 0.000000e+00 13 74 -1 399 7.718349
37 115 4.534e+05 4.013e+05 1.833416 3.693593 0.650615 3.290448 0.494859 0.512095 0.454150 11.979522 10.440271 19.304657 1.14531 -18.7655 2.32473 -1.93207e+06 0.060022 0.000040 0.459396 11.979522 10.440271 19.304657 0.459396 85 3.960529e+05 3.960529e+05 2.970397e+05 1.459142e+05 11.125898 0.378754 0.062241 0.579853 0.398583 0.379461 0.000232 0.138288 0.717182 0.419509 0.193800 0.108813 0.191778 0.231204 0.231204 0.522162 3.551939e+05 2.553390e+05 0 0.000000e+00 0.000000e+00 0.000000e+00 18 74 -1 115 4.838654
38 104 1.042e+05 8.859e+04 1.108104 1.981331 1.067713 3.240537 0.496104 0.502826 0.446308 9.455527 22.940916 5.267787 3.96438 -2.32921 3.67882 203953 0.264677 0.000167 1.093512 9.455527 22.940916 5.267787 1.093512 18 7.816834e+04 7.816834e+04 3.647855e+04 0.000000e+00 49.241116 1.231693 0.239900 0.345752 0.076363 0.398530 0.035913 0.151192 0.280865 0.000000 0.349054 0.036633 0.104368 0.324357 0.324357 1.901842 1.412308e+05 9.900900e+04 0 0.000000e+00 0.000000e+00 0.000000e+00 19 74 -1 104 11.616547
39 46 1.563e+05 9.380e+04 1.129419 2.046934 1.000371 3.702097 0.496536 0.511606 0.455865 5.970528 32.771622 -5.089059 -6.64263 0.0491494 -1.54679 291849 0.317892 0.000150 1.087222 5.970528 32.771622 -5.089059 1.087222 28 8.859077e+04 8.859077e+04 0.000000e+00 0.000000e+00 46.952076 1.304018 0.252620 0.558423 0.006899 0.165294 -0.151115 0.260860 0.000000 0.000000 0.000000 0.000000 0.000000 0.285169 0.285169 2.041581 8.004520e+04 9.379800e+04 0 0.000000e+00 0.000000e+00 0.000000e+00 23 74 -1 46 5.852690
40 187 3.700e+05 3.439e+05 1.741588 3.360250 0.917119 2.881030 0.498045 0.506168 0.456310 12.636212 27.711836 1.960063 1.0654 4.15379 0.0266922 -1.35474e+06 0.0167271 0.000089 0.514589 12.636212 27.711836 1.960063 0.514589 69 3.439407e+05 3.439407e+05 2.397162e+05 0.000000e+00 12.695567 0.702278 0.018217 0.855699 0.470565 0.293352 0.262672 0.220511 0.614557 0.333282 0.213988 0.084333 0.311500 0.278158 0.278158 0.515115 3.191456e+05 2.449170e+05 0 0.000000e+00 0.000000e+00 0.000000e+00 24 74 -1 187 5.501349
41 435 1.949e+06 1.219e+06 2.655642 4.757338 2.298658 6.791550 0.497305 0.503058 0.460555 13.683836 28.826513 -4.030351 54.8631 -138.345 294.911 6.78535e+06 0.121833 0.000059 0.650464 11.964478 26.538492 -6.886439 0.461918 99 1.177736e+06 1.177736e+06 6.618252e+05 2.345050e+05 3.963492 1.222578 0.170226 0.678600 0.237124 -0.215078 0.501527 -0.239068 0.804535 0.307185 0.205769 -0.110767 0.347105 1.337325 0.759587 1.290626 1.013698e+06 1.636254e+06 0 0.000000e+00 0.000000e+00 0.000000e+00 27 74 -1 684 5.037635
42 164 1.063e+06 1.011e+06 2.494776 4.404099 2.453369 6.720479 0.495964 0.505420 0.459957 4.635986 26.056694 -9.210033 -12.9537 63.2358 56.3743 1.05937e+07 0.0631057 0.000116 0.748588 4.321831 26.611782 -9.001431 0.492394 99 9.328088e+05 9.067527e+05 1.615479e+05 0.000000e+00 4.392994 0.606826 0.060359 0.423914 0.342909 -0.184417 -0.293367 0.664686 0.525309 0.161076 -0.203762 0.264778 0.075347 2.451193 0.895632 1.789006 8.405078e+05 1.198530e+06 0 0.000000e+00 0.000000e+00 0.000000e+00 28 27 -1 238 2.076563
43 74 2.501e+05 1.355e+05 1.276699 2.481977 0.920560 6.020172 0.496305 0.506158 0.459016 3.738561 26.199041 -9.669010 5.43832 1.40515 9.18786 1.95772e+06 0.518409 0.000112 1.181564 3.738561 26.199041 -9.669010 1.181564 46 1.354918e+05 1.354918e+05 8.859077e+04 0.000000e+00 32.393055 1.254097 0.216095 0.598494 0.135482 0.351876 -0.036639 0.329965 0.293844 0.059395 0.334826 -0.322771 0.177715 0.195089 0.195089 4.111702 1.301616e+05 8.858700e+04 0 0.000000e+00 0.000000e+00 0.000000e+00 29 28 -1 74 0.782711
44 241 9.120e+05 7.504e+05 2.258838 5.434806 0.651098 4.745858 0.492552 0.511487 0.454101 -11.780310 6.083413 18.922567 8.98568 -7.30108 4.52959 -7.04065e+06 0.0157224 0.000038 0.479125 -12.072639 5.896348 18.975416 0.459844 99 7.347823e+05 7.347823e+05 7.035150e+05 4.637988e+05 5.909510 0.437705 0.014390 0.734774 0.566451 0.183457 -0.218129 0.188615 0.656490 0.461695 -0.160401 0.234606 -0.158927 0.214789 0.134146 0.546837 9.449968e+05 4.898340e+05 0 0.000000e+00 0.000000e+00 0.000000e+00 30 74 -1 241 3.722849
45 27 2.606e+04 2.606e+04 0.736921 1.370657 0.656194 4.532624 0.493444 0.511617 0.460192 -17.032244 15.696573 -1.977226 -0.455559 0.468218 -0.264002 27887.6 0.249624 0.000303 0.000000 -17.032244 15.696573 -1.977226 0.000000 3 2.605611e+04 2.605611e+04 0.000000e+00 0.000000e+00 169.520676 4.649255 0.220677 0.867348 0.266232 -0.082602 0.288839 0.119561 0.000000 0.000000 0.000000 0.000000 0.000000 0.149779 0.149779 3.042137 3.844689e+04 2.084400e+04 0 0.000000e+00 0.000000e+00 0.000000e+00 31 74 -1 27 9.969519
46 36 3.648e+04 2.606e+04 0.736921 1.309474 0.718946 2.161272 0.494394 0.521651 0.454292 2.367111 -10.498745 3.514284 -0.139339 0.399508 0.0704485 1932.11 0.0399987 0.000231 1.624613 2.367111 -10.498745 3.514284 1.624613 5 2.084489e+04 2.084489e+04 0.000000e+00 0.000000e+00 170.217987 2.563071 0.134341 0.000000 0.000000 -0.004292 0.477791 -0.173837 0.000000 0.000000 0.000000 0.000000 0.000000 0.235007 0.235007 1.151702 8.030394e+04 4.168800e+04 0 0.000000e+00 0.000000e+00 0.000000e+00 39 74 -1 36 11.668181
47 68 1.772e+05 9.380e+04 1.129419 2.352594 0.623669 3.505767 0.499228 0.516230 0.452507 2.597868 19.575514 23.282877 -1.42323 0.967578 -0.770991 214166 0.0752927 0.000114 0.922429 2.597868 19.575514 23.282877 0.922429 32 9.380200e+04 9.380200e+04 7.295711e+04 0.000000e+00 47.141747 1.674664 0.069846 0.598473 0.111222 -0.029562 -0.016806 0.386299 0.266470 0.026015 -0.125875 0.044019 0.438862 0.121126 0.121126 1.645974 9.910934e+04 3.647700e+04 0 0.000000e+00 0.000000e+00 0.000000e+00 41 74 -1 68 4.798006
48 99 4.534e+05 3.700e+05 1.784502 4.102327 0.498125 3.342505 0.498604 0.515884 0.454874 1.010701 16.510845 26.995405 -9.01322 6.42517 2.85567 -2.13587e+06 0.0466448 0.000059 0.555167 1.010701 16.510845 26.995405 0.555167 85 3.699968e+05 3.699968e+05 3.387294e+05 1.980264e+05 12.065161 0.365158 0.042996 0.710193 0.441603 -0.046524 0.012667 0.329203 0.658986 0.322011 -0.016097 0.083823 0.296032 0.126028 0.126028 0.490601 4.287895e+05 1.771740e+05 0 0.000000e+00 0.000000e+00 0.000000e+00 42 74 -1 99 4.640217
49 33 1.720e+05 1.563e+05 1.339074 3.399714 0.575969 2.062804 0.497074 0.514048 0.452731 0.232289 9.816675 1.042683 0.94464 1.27496 -2.14624 -613492 0.0502959 0.000072 0.942131 0.232289 9.816675 1.042683 0.942131 31 1.563367e+05 1.563367e+05 1.511254e+05 1.094357e+05 28.234991 1.111598 0.042195 0.591643 0.505799 0.104015 -0.031261 0.280171 0.643925 0.528092 0.094042 -0.056872 0.252457 0.065525 0.065525 0.398236 2.576226e+05 3.647700e+04 0 0.000000e+00 0.000000e+00 0.000000e+00 57 74 -1 33 1.954838
50 7542 4.226e+07 3.000e+07 7.723775 13.937439 5.181158 17.243746 0.498631 0.513432 0.455885 -0.802428 9.063713 5.160682 -8577.06 9463.72 -6499.28 -1.10224e+09 0.0224377 0.000023 0.695558 -0.407981 9.595047 5.614141 0.191959 456 2.889623e+07 2.887538e+07 1.933885e+07 6.117975e+06 1.094102 1.166555 0.035484 0.893744 0.488983 -0.150031 0.772674 -0.620374 0.788529 0.433065 0.192714 -0.482093 0.613111 2.571910 2.037440 0.801123 2.457325e+07 3.533414e+07 0 0.000000e+00 0.000000e+00 0.000000e+00 74 120 -1 12092 2.959329
51 40 9.901e+04 5.732e+04 0.958433 1.709472 0.928086 2.188763 0.496586 0.514316 0.471040 -2.692780 1.980840 -11.877147 0.257948 0.135182 0.418321 71612.1 0.0403086 0.000217 0.975270 -2.692780 1.980840 -11.877147 0.975270 17 5.211222e+04 5.211222e+04 0.000000e+00 0.000000e+00 77.711090 1.112022 0.042898 0.190940 0.050222 0.645229 -0.031606 -0.059920 0.000000 0.000000 0.000000 0.000000 0.000000 0.289725 0.289725 1.783566 6.148669e+04 6.774300e+04 0 0.000000e+00 0.000000e+00 0.000000e+00 85 120 -1 40 7.570868
52 56 1.042e+05 9.380e+04 1.129419 2.008178 1.039356 2.415761 0.502024 0.509642 0.465701 5.115562 29.289322 -8.666336 -0.426901 -1.28306 0.970599 -3058.31 0.00794157 0.000190 0.567576 5.115562 29.289322 -8.666336 0.567576 18 8.859077e+04 8.859077e+04 2.605611e+04 0.000000e+00 47.402367 1.700313 0.061650 0.195401 0.016291 0.238504 0.219613 0.227921 0.299373 0.000000 0.029885 0.246511 0.142627 0.356797 0.356797 0.986314 1.112377e+05 1.198530e+05 0 0.000000e+00 0.000000e+00 0.000000e+00 89 74 -1 56 12.929303
53 147 1.042e+06 5.941e+05 2.089613 6.589828 0.488281 7.437519 0.498723 0.520074 0.474979 -5.047843 2.821143 -13.828905 -2.90979 -10.7565 -16.3623 -840469 0.0155112 0.000033 1.344775 -5.094496 3.142187 -13.820386 1.030454 99 5.940793e+05 5.940793e+05 5.940793e+05 5.576008e+05 7.502813 0.855319 0.033820 0.671523 0.486020 -0.120824 0.060373 0.247784 0.670302 0.492703 -0.129305 0.056242 0.240074 0.085514 0.050528 0.953551 1.435676e+06 3.804030e+05 0 0.000000e+00 0.000000e+00 0.000000e+00 111 120 -1 200 0.599743
54 45 2.345e+05 2.241e+05 1.509803 3.820482 0.625008 2.766920 0.499266 0.520145 0.474061 -2.226630 0.413946 -6.070754 -1.20892 -1.38112 0.959863 -957009 0.0198196 0.000043 0.727932 -2.226630 0.413946 -6.070754 0.727932 43 2.240825e+05 2.240825e+05 2.188713e+05 1.667591e+05 20.032501 0.420408 0.017971 0.521570 0.431845 -0.077926 -0.111463 0.267053 0.467873 0.375574 -0.092343 -0.119528 0.250386 0.074746 0.074746 0.533783 3.613666e+05 6.774300e+04 0 0.000000e+00 0.000000e+00 0.000000e+00 113 120 -1 45 1.320937
55 38 1.563e+04 1.563e+04 0.621543 1.092127 0.620147 6.689904 0.521330 0.496377 0.462729 -18.552303 15.708130 2.032552 0.0437197 -0.0304068 0.111957 2997.9 0.0516429 0.000261 0.000000 -18.552303 15.708130 2.032552 0.000000 1 1.042244e+04 1.042244e+04 0.000000e+00 0.000000e+00 285.134918 8.131314 0.090977 0.000000 0.000000 0.000000 0.000000 0.000000 0.000000 0.000000 0.000000 0.000000 0.000000 0.257204 0.257204 2.139274 5.216889e+04 4.689900e+04 0 0.000000e+00 0.000000e+00 0.000000e+00 128 74 -1 38 30.850136
56 49 2.553e+05 2.293e+05 1.521418 4.037580 0.544477 3.863860 0.498726 0.510015 0.469379 -29.357405 18.347313 -5.511233 -4.44755 3.95872 5.36208 -519747 0.0533469 0.000042 0.666651 -29.357405 18.347313 -5.511233 0.666651 47 2.292938e+05 2.292938e+05 2.292938e+05 1.928152e+05 19.310900 0.968290 0.066905 0.801517 0.460493 0.092094 0.184865 0.162848 0.761046 0.441427 0.106654 0.185639 0.141225 0.063910 0.063910 0.760675 3.999336e+05 9.379800e+04 0 0.000000e+00 0.000000e+00 0.000000e+00 136 138 -1 49 2.605769
57 67 3.231e+05 2.814e+05 1.628904 4.082083 0.488281 3.254679 0.507429 0.508985 0.467393 -18.849522 24.476952 -10.938261 3.7556 -1.07899 8.42362 -806405 0.0461504 0.000045 0.484261 -18.849522 24.476952 -10.938261 0.484261 60 2.761948e+05 2.761948e+05 2.345050e+05 1.719703e+05 15.850981 0.599093 0.055114 0.843035 0.786571 0.225808 -0.121417 -0.000012 0.899852 0.822586 -0.139331 0.044381 0.159955 0.083456 0.083456 0.681794 4.988809e+05 1.511190e+05 0 0.000000e+00 0.000000e+00 0.000000e+00 144 142 -1 67 2.359082
58 30 2.084e+04 2.084e+04 0.684097 1.255529 0.625642 2.196554 0.487900 0.552067 0.470526 5.174518 -8.250567 -2.357711 0.00974716 -0.0958728 -0.144749 9398.71 0.0624786 0.000284 0.000000 5.174518 -8.250567 -2.357711 0.000000 2 2.084489e+04 2.084489e+04 0.000000e+00 0.000000e+00 218.474152 2.505073 0.079003 0.591973 0.000000 0.226082 0.144928 -0.232747 0.000000 0.000000 0.000000 0.000000 0.000000 0.154345 0.154345 2.374191 3.450655e+04 1.563300e+04 0 0.000000e+00 0.000000e+00 0.000000e+00 156 120 -1 30 41.207836
59 66 5.211e+04 5.211e+04 0.928462 1.734989 0.819080 1.908998 0.485948 0.527420 0.424048 16.604445 1.977904 -1.596020 -0.400435 -0.0861489 0.445933 -31023.6 0.0399965 0.000235 0.525540 16.604445 1.977904 -1.596020 0.525540 8 5.211222e+04 5.211222e+04 0.000000e+00 0.000000e+00 83.064194 1.679783 0.059733 0.604880 0.000000 0.220943 0.332264 0.246503 0.000000 0.000000 0.000000 0.000000 0.000000 0.182433 0.182433 0.500552 8.259550e+04 2.084400e+04 0 0.000000e+00 0.000000e+00 0.000000e+00 251 257 -1 66 13.604718
60 55 1.094e+05 9.901e+04 1.149958 2.056161 1.049731 1.798158 0.493624 0.526937 0.424415 16.850166 1.528292 -2.480551 1.83883 0.0858949 -0.244895 -100845 0.0444459 0.000204 0.551102 16.850166 1.528292 -2.480551 0.551102 19 9.380200e+04 9.380200e+04 0.000000e+00 0.000000e+00 43.932186 0.841252 0.062854 0.879962 0.652435 -0.174635 -0.270552 0.464146 0.000000 0.000000 0.000000 0.000000 0.000000 0.336625 0.336625 0.558971 9.264752e+04 1.094310e+05 0 0.000000e+00 0.000000e+00 0.000000e+00 253 257 -1 55 7.344635
61 51 1.407e+05 1.146e+05 1.207550 2.121691 1.204976 4.094997 0.493794 0.527422 0.429347 1.594452 6.072855 3.317314 8.7774 -9.27158 3.91726 706515 0.586414 0.000190 0.985027 1.594452 6.072855 3.317314 0.985027 25 8.859077e+04 8.859077e+04 0.000000e+00 0.000000e+00 37.982918 0.752120 0.354025 0.202308 0.023198 0.088392 0.169354 0.717759 0.000000 0.000000 0.000000 0.000000 0.000000 0.501150 0.501150 3.348920 9.820424e+04 1.511190e+05 0 0.000000e+00 0.000000e+00 0.000000e+00 254 259 -1 51 2.414480
62 1131 2.006e+06 1.490e+06 2.839354 6.071364 0.488281 6.456038 0.499124 0.523663 0.427340 2.900359 3.530138 -0.617632 -85.5298 77.4943 24.3671 -8.47747e+06 0.0294452 0.000036 0.496948 4.169928 2.961802 -0.329420 0.372821 99 1.422664e+06 1.422664e+06 1.063089e+06 5.732344e+05 3.051220 0.932564 0.043506 0.720844 0.597666 0.008076 -0.187940 0.385625 0.824902 0.595407 -0.038587 -0.187777 0.306584 0.301364 0.270522 0.786021 2.411396e+06 7.660170e+05 0 0.000000e+00 0.000000e+00 0.000000e+00 257 -1 -1 2882 10000000000.000000
63 96 2.710e+05 2.189e+05 1.498008 2.722129 1.330952 3.258410 0.495907 0.526331 0.428728 5.217658 5.405952 -1.359883 0.677888 -0.202342 -0.166057 68935.5 0.00197924 0.000140 0.753119 5.217658 5.405952 -1.359883 0.753119 50 2.136601e+05 2.136601e+05 1.250693e+05 0.000000e+00 19.964510 0.649137 0.006557 0.817284 0.289479 0.367853 -0.296583 -0.124367 0.242834 0.000000 0.076123 0.089492 0.425649 0.368854 0.368854 1.060089 2.298179e+05 2.188620e+05 0 0.000000e+00 0.000000e+00 0.000000e+00 259 257 -1 147 2.660589
64 132 1.615e+05 1.511e+05 1.324027 2.339545 1.261290 3.794016 0.495938 0.523679 0.431915 3.352895 4.608467 0.353820 -1.0025 -7.32694 -4.09662 593598 0.170561 0.000143 0.964264 3.352895 4.608467 0.353820 0.964264 29 1.407030e+05 1.407030e+05 4.690100e+04 0.000000e+00 29.072027 0.613469 0.141417 0.835505 0.334946 0.089465 -0.162289 0.332535 0.702271 0.504916 -0.097467 0.191564 -0.164407 0.465902 0.465902 2.116288 2.510814e+05 2.501280e+05 0 0.000000e+00 0.000000e+00 0.000000e+00 262 257 -1 132 3.571081
65 335 1.146e+06 9.276e+05 2.424214 4.264201 2.386477 4.952032 0.494930 0.550045 0.423099 -0.105082 -9.864515 -2.880268 96.0118 -26.8572 16.1881 337557 0.0164635 0.000080 0.494346 -1.378913 -9.739011 -2.841875 0.358037 99 8.129507e+05 8.129507e+05 2.866172e+05 0.000000e+00 4.772635 0.694022 0.082110 0.526495 0.274248 0.408771 -0.235261 0.303571 0.414781 0.145688 0.250933 -0.112037 0.181596 2.397900 0.959684 1.027104 8.045181e+05 1.302750e+06 0 0.000000e+00 0.000000e+00 0.000000e+00 267 270 -1 335 3.263753
66 1591 6.363e+06 6.097e+06 4.541084 8.016282 4.366325 7.901167 0.495052 0.544272 0.429050 -1.843331 -4.365502 -4.139731 722.6 -139.239 426.356 -1.45111e+08 0.0259486 0.000030 0.669016 -2.010035 -5.108339 -3.551171 0.236703 99 5.774034e+06 5.774034e+06 3.220535e+06 1.271538e+06 0.795657 0.934987 0.029977 0.772897 0.539218 0.051949 0.639497 -0.249770 0.837135 0.642633 0.066177 0.410068 0.262076 2.380517 1.631274 0.573610 5.032004e+06 9.306846e+06 0 0.000000e+00 0.000000e+00 0.000000e+00 270 -1 -1 2013 10000000000.000000
67 484 1.626e+06 1.615e+06 2.916653 5.534433 0.563471 5.195302 0.488271 0.494081 0.431553 9.674129 15.632770 4.642035 -131.85 -17.1718 -102.922 -1.85771e+07 0.0507958 0.000041 0.445265 9.790435 15.578863 4.938677 0.300588 99 1.584212e+06 1.584212e+06 9.692873e+05 4.481651e+05 2.692300 0.326792 0.054222 0.671964 0.573944 0.159012 0.101043 0.460643 0.837596 0.745083 -0.007754 0.082120 0.361198 0.885343 0.516509 0.538884 1.359069e+06 1.761318e+06 0 0.000000e+00 0.000000e+00 0.000000e+00 275 -1 -1 484 10000000000.000000
68 91 9.380e+04 8.338e+04 1.085936 1.920416 1.069668 2.760400 0.476688 0.487774 0.460757 12.125862 17.282726 -2.781008 -0.638164 -2.514 -0.788026 79979.2 0.0887869 0.000190 0.871472 12.125862 17.282726 -2.781008 0.871472 16 4.690100e+04 4.690100e+04 3.647855e+04 0.000000e+00 51.255077 1.583272 0.122179 0.268504 0.185806 0.339312 0.096685 -0.002148 0.425574 0.260659 0.228071 0.106651 0.041789 0.375913 0.375913 1.447140 8.368294e+04 1.042200e+05 0 0.000000e+00 0.000000e+00 0.000000e+00 283 -1 -1 91 10000000000.000000
69 59 3.648e+04 3.648e+04 0.824385 1.448549 0.822529 2.103050 0.479252 0.527509 0.425150 14.567801 2.588547 -1.447203 -0.117203 -0.378935 0.144618 -17840.4 0.0515854 0.000266 0.624226 14.567801 2.588547 -1.447203 0.624226 5 3.126733e+04 3.126733e+04 0.000000e+00 0.000000e+00 118.292679 2.123800 0.075471 0.657329 0.059416 0.333624 0.177980 0.312619 0.000000 0.000000 0.000000 0.000000 0.000000 0.341104 0.341104 0.375334 8.726838e+04 8.337600e+04 0 0.000000e+00 0.000000e+00 0.000000e+00 287 -1 -1 59 10000000000.000000
70 51 1.042e+04 1.042e+04 0.542968 1.004939 0.488281 8.719317 0.486356 0.491681 0.456532 13.185407 20.823814 -0.851916 0 0 0 10.1448 0 0.000328 0.000000 13.185407 20.823814 -0.851916 0.000000 0 1.042244e+04 1.042244e+04 0.000000e+00 0.000000e+00 414.404053 12.330977 0.000000 0.000000 0.000000 0.000000 0.000000 0.000000 0.000000 0.000000 0.000000 0.000000 0.000000 0.114535 0.114535 0.000000 7.163086e+04 1.042200e+04 0 0.000000e+00 0.000000e+00 0.000000e+00 289 -1 -1 51 10000000000.000000
71 46 1.094e+05 1.042e+05 1.169789 2.239865 0.933748 1.911108 0.497021 0.525600 0.445674 -1.206950 -8.132466 1.315068 0.0369078 -0.132286 1.03212 -106962 0.0225758 0.000188 0.540215 -1.206950 -8.132466 1.315068 0.540215 19 1.042244e+05 1.042244e+05 4.168978e+04 0.000000e+00 42.514107 0.330492 0.032354 0.218191 0.117724 0.171730 0.081415 0.481942 0.344715 0.174008 0.133778 0.096858 0.413157 0.195663 0.195663 0.634757 9.946554e+04 7.295400e+04 0 0.000000e+00 0.000000e+00 0.000000e+00 293 -1 -1 46 10000000000.000000
72 33 5.732e+04 5.732e+04 0.958433 1.957230 0.579267 2.087993 0.473240 0.486704 0.460547 12.661057 15.024420 -1.201104 -0.536855 0.429669 -0.895823 -63573.5 0.0841455 0.000180 0.543205 12.661057 15.024420 -1.201104 0.543205 9 5.732345e+04 5.732345e+04 4.690100e+04 0.000000e+00 74.503548 1.789497 0.095044 0.635714 0.164080 0.126601 0.254790 -0.136869 0.808999 0.199172 0.152532 0.184565 0.075303 0.112971 0.112971 0.389455 5.920286e+04 2.605500e+04 0 0.000000e+00 0.000000e+00 0.000000e+00 299 -1 -1 33 10000000000.000000
73 28 1.042e+04 1.042e+04 0.542968 1.004939 0.488281 7.723797 0.491092 0.499693 0.430729 -0.954627 20.506575 7.471635 0 0 0 7.8712 0 0.000351 0.000000 -0.954627 20.506575 7.471635 0.000000 0 1.042244e+04 1.042244e+04 0.000000e+00 0.000000e+00 411.256744 10.923098 0.000000 0.000000 0.000000 0.000000 0.000000 0.000000 0.000000 0.000000 0.000000 0.000000 0.000000 0.114535 0.114535 0.000000 2.403274e+04 1.042200e+04 0 0.000000e+00 0.000000e+00 0.000000e+00 303 -1 -1 28 10000000000.000000
