#ID DescID Mvir Vmax Vrms Rvir Rs Np X Y Z VX VY VZ JX JY JZ Spin rs_klypin Mvir_all M200b M200c M500c M2500c Xoff Voff spin_bullock b_to_a c_to_a A[x] A[y] A[z] b_to_a(500c) c_to_a(500c) A[x](500c) A[y](500c) A[z](500c) T/|U| M_pe_Behroozi M_pe_Diemer Type SM Gas BH_Mass
#a = 0.090909
#Om = 0.315000; Ol = 0.685000; h = 0.674000
#FOF linking length: 0.280000
#Unbound Threshold: 0.500000; FOF Refinement Threshold: 0.700000
#Particle mass: 5.21122e+03 Msun/h
#Box size: 1.000000 Mpc/h
#Force resolution assumed: 0.000488281 Mpc/h
#Units: Masses in Msun / h
#Units: Positions in Mpc / h (comoving)
#Units: Velocities in km / s (physical, peculiar)
#Units: Halo Distances, Lengths, and Radii in kpc / h (comoving)
#Units: Angular Momenta in (Msun/h) * (Mpc/h) * km/s (physical)
#Units: Spins are dimensionless
#Np is an internal debugging quantity.
#Rockstar-Galaxies Version: 0.99.9-RC3-newA
32 -1 4.6901e+04 1.62 2.53 0.896 0.234 94 0.49879 0.50906 0.42239 -16.50 9.87 5.27 -3.506e-01 -2.498e-01 5.764e-01 0.02975 0.23449 5.2112e+04 4.6901e+04 4.6901e+04 0.0000e+00 0.0000e+00 92.00249 2.41 0.08460 0.65051 0.00000 0.00927 0.33223 -0.24603 0.00000 0.00000 0.00000 0.00000 0.00000 1.1440 9.1370e+04 4.6899e+04 0 0.0000e+00 0.0000e+00 0.0000e+00
33 -1 1.0422e+04 1.00 7.14 0.543 0.115 57 0.49236 0.50918 0.42955 -10.62 16.36 8.28 5.625e-02 1.382e-01 -4.955e-02 0.43910 0.11454 1.5634e+04 1.0422e+04 1.0422e+04 0.0000e+00 0.0000e+00 414.17575 11.22 0.22677 0.00000 0.00000 0.00000 0.00000 0.00000 0.00000 0.00000 0.00000 0.00000 0.00000 0.0000 7.6326e+04 5.2110e+03 0 0.0000e+00 0.0000e+00 0.0000e+00
34 -1 1.3549e+05 2.67 3.37 1.277 0.135 67 0.49362 0.50283 0.44577 1.43 21.91 10.80 -2.423e-01 -1.732e+00 2.495e+00 0.03417 0.13462 1.5113e+05 1.3549e+05 1.3549e+05 1.0944e+05 0.0000e+00 31.97880 0.78 0.06114 0.68237 0.49255 0.09818 0.20000 0.21749 0.79665 0.45376 0.11216 0.17213 0.19034 1.1803 1.3842e+05 7.8165e+04 0 0.0000e+00 0.0000e+00 0.0000e+00
35 -1 4.3774e+05 3.37 5.02 1.887 0.571 364 0.49074 0.51092 0.43517 -6.36 14.45 10.02 -6.197e+00 4.658e+00 9.685e+00 0.03285 0.57109 5.5760e+05 4.2211e+05 4.2211e+05 1.1465e+05 0.0000e+00 9.84542 0.28 0.03526 0.85583 0.33010 -0.31862 0.08646 0.43957 0.80914 0.34207 0.26897 0.04451 -0.11840 1.6191 5.7691e+05 5.5237e+05 0 0.0000e+00 0.0000e+00 0.0000e+00
36 -1 1.1256e+06 4.85 3.88 2.586 1.755 388 0.49662 0.50977 0.43605 1.53 18.40 9.47 -6.362e+00 -3.303e+01 -5.848e+00 0.01995 0.49387 1.1413e+06 1.0787e+06 1.0787e+06 6.5661e+05 3.5436e+05 3.95178 0.34 0.02010 0.77371 0.71357 0.12020 0.23558 0.39774 0.56988 0.48966 0.13509 0.10779 0.34342 0.4592 9.5729e+05 1.6102e+06 0 0.0000e+00 0.0000e+00 0.0000e+00
37 -1 4.0126e+05 3.69 3.29 1.833 0.231 115 0.49486 0.51210 0.45415 11.98 10.44 19.30 1.145e+00 -1.877e+01 2.325e+00 0.06002 0.23120 4.5338e+05 3.9605e+05 3.9605e+05 2.9704e+05 1.4591e+05 11.12590 0.38 0.06224 0.57985 0.39858 0.37946 0.00023 0.13829 0.71718 0.41951 0.19380 0.10881 0.19178 0.5222 3.5519e+05 2.5534e+05 0 0.0000e+00 0.0000e+00 0.0000e+00
38 -1 8.8591e+04 1.98 3.24 1.108 0.324 104 0.49610 0.50283 0.44631 9.46 22.94 5.27 3.964e+00 -2.329e+00 3.679e+00 0.26468 0.32436 1.0422e+05 7.8168e+04 7.8168e+04 3.6479e+04 0.0000e+00 49.24112 1.23 0.23990 0.34575 0.07636 0.39853 0.03591 0.15119 0.28087 0.00000 0.34905 0.03663 0.10437 1.9018 1.4123e+05 9.9009e+04 0 0.0000e+00 0.0000e+00 0.0000e+00
39 -1 9.3802e+04 2.05 3.70 1.129 0.285 46 0.49654 0.51161 0.45586 5.97 32.77 -5.09 -6.643e+00 4.915e-02 -1.547e+00 0.31789 0.28517 1.5634e+05 8.8591e+04 8.8591e+04 0.0000e+00 0.0000e+00 46.95208 1.30 0.25262 0.55842 0.00690 0.16529 -0.15111 0.26086 0.00000 0.00000 0.00000 0.00000 0.00000 2.0416 8.0045e+04 9.3798e+04 0 0.0000e+00 0.0000e+00 0.0000e+00
40 -1 3.4394e+05 3.36 2.88 1.742 0.278 187 0.49805 0.50617 0.45631 12.64 27.71 1.96 1.065e+00 4.154e+00 2.669e-02 0.01673 0.27816 3.7000e+05 3.4394e+05 3.4394e+05 2.3972e+05 0.0000e+00 12.69557 0.70 0.01822 0.85570 0.47056 0.29335 0.26267 0.22051 0.61456 0.33328 0.21399 0.08433 0.31150 0.5151 3.1915e+05 2.4492e+05 0 0.0000e+00 0.0000e+00 0.0000e+00
41 -1 1.2194e+06 4.76 6.79 2.656 1.337 435 0.49730 0.50306 0.46055 13.68 28.83 -4.03 5.486e+01 -1.383e+02 2.949e+02 0.12183 0.75959 1.9490e+06 1.1777e+06 1.1777e+06 6.6183e+05 2.3450e+05 3.96349 1.22 0.17023 0.67860 0.23712 -0.21508 0.50153 -0.23907 0.80453 0.30718 0.20577 -0.11077 0.34711 1.2906 1.0137e+06 1.6363e+06 0 0.0000e+00 0.0000e+00 0.0000e+00
42 -1 1.0110e+06 4.40 6.72 2.495 2.451 164 0.49596 0.50542 0.45996 4.64 26.06 -9.21 -1.295e+01 6.324e+01 5.637e+01 0.06311 0.89563 1.0631e+06 9.3281e+05 9.0675e+05 1.6155e+05 0.0000e+00 4.39299 0.61 0.06036 0.42391 0.34291 -0.18442 -0.29337 0.66469 0.52531 0.16108 -0.20376 0.26478 0.07535 1.7890 8.4051e+05 1.1985e+06 0 0.0000e+00 0.0000e+00 0.0000e+00
43 -1 1.3549e+05 2.48 6.02 1.277 0.195 74 0.49631 0.50616 0.45902 3.74 26.20 -9.67 5.438e+00 1.405e+00 9.188e+00 0.51841 0.19509 2.5014e+05 1.3549e+05 1.3549e+05 8.8591e+04 0.0000e+00 32.39305 1.25 0.21609 0.59849 0.13548 0.35188 -0.03664 0.32996 0.29384 0.05940 0.33483 -0.32277 0.17772 4.1117 1.3016e+05 8.8587e+04 0 0.0000e+00 0.0000e+00 0.0000e+00
44 -1 7.5042e+05 5.43 4.75 2.259 0.215 241 0.49255 0.51149 0.45410 -11.78 6.08 18.92 8.986e+00 -7.301e+00 4.530e+00 0.01572 0.13415 9.1196e+05 7.3478e+05 7.3478e+05 7.0352e+05 4.6380e+05 5.90951 0.44 0.01439 0.73477 0.56645 0.18346 -0.21813 0.18862 0.65649 0.46169 -0.16040 0.23461 -0.15893 0.5468 9.4500e+05 4.8983e+05 0 0.0000e+00 0.0000e+00 0.0000e+00
45 -1 2.6056e+04 1.37 4.53 0.737 0.150 27 0.49344 0.51162 0.46019 -17.03 15.70 -1.98 -4.556e-01 4.682e-01 -2.640e-01 0.24962 0.14978 2.6056e+04 2.6056e+04 2.6056e+04 0.0000e+00 0.0000e+00 169.52068 4.65 0.22068 0.86735 0.26623 -0.08260 0.28884 0.11956 0.00000 0.00000 0.00000 0.00000 0.00000 3.0421 3.8447e+04 2.0844e+04 0 0.0000e+00 0.0000e+00 0.0000e+00
46 -1 2.6056e+04 1.31 2.16 0.737 0.235 36 0.49439 0.52165 0.45429 2.37 -10.50 3.51 -1.393e-01 3.995e-01 7.045e-02 0.04000 0.23501 3.6479e+04 2.0845e+04 2.0845e+04 0.0000e+00 0.0000e+00 170.21799 2.56 0.13434 0.00000 0.00000 -0.00429 0.47779 -0.17384 0.00000 0.00000 0.00000 0.00000 0.00000 1.1517 8.0304e+04 4.1688e+04 0 0.0000e+00 0.0000e+00 0.0000e+00
47 -1 9.3802e+04 2.35 3.51 1.129 0.121 68 0.49923 0.51623 0.45251 2.60 19.58 23.28 -1.423e+00 9.676e-01 -7.710e-01 0.07529 0.12113 1.7718e+05 9.3802e+04 9.3802e+04 7.2957e+04 0.0000e+00 47.14175 1.67 0.06985 0.59847 0.11122 -0.02956 -0.01681 0.38630 0.26647 0.02602 -0.12588 0.04402 0.43886 1.6460 9.9109e+04 3.6477e+04 0 0.0000e+00 0.0000e+00 0.0000e+00
48 -1 3.7000e+05 4.10 3.34 1.785 0.126 99 0.49860 0.51588 0.45487 1.01 16.51 27.00 -9.013e+00 6.425e+00 2.856e+00 0.04664 0.12603 4.5338e+05 3.7000e+05 3.7000e+05 3.3873e+05 1.9803e+05 12.06516 0.37 0.04300 0.71019 0.44160 -0.04652 0.01267 0.32920 0.65899 0.32201 -0.01610 0.08382 0.29603 0.4906 4.2879e+05 1.7717e+05 0 0.0000e+00 0.0000e+00 0.0000e+00
49 -1 1.5634e+05 3.40 2.06 1.339 0.066 33 0.49707 0.51405 0.45273 0.23 9.82 1.04 9.446e-01 1.275e+00 -2.146e+00 0.05030 0.06553 1.7197e+05 1.5634e+05 1.5634e+05 1.5113e+05 1.0944e+05 28.23499 1.11 0.04220 0.59164 0.50580 0.10402 -0.03126 0.28017 0.64392 0.52809 0.09404 -0.05687 0.25246 0.3982 2.5762e+05 3.6477e+04 0 0.0000e+00 0.0000e+00 0.0000e+00
50 -1 3.0001e+07 13.94 17.24 7.724 2.572 7542 0.49863 0.51343 0.45589 -0.80 9.06 5.16 -8.577e+03 9.464e+03 -6.499e+03 0.02244 2.03744 4.2263e+07 2.8896e+07 2.8875e+07 1.9339e+07 6.1180e+06 1.09410 1.17 0.03548 0.89374 0.48898 -0.15003 0.77267 -0.62037 0.78853 0.43307 0.19271 -0.48209 0.61311 0.8011 2.4573e+07 3.5334e+07 0 0.0000e+00 0.0000e+00 0.0000e+00
51 -1 5.7323e+04 1.71 2.19 0.958 0.290 40 0.49659 0.51432 0.47104 -2.69 1.98 -11.88 2.579e-01 1.352e-01 4.183e-01 0.04031 0.28973 9.9013e+04 5.2112e+04 5.2112e+04 0.0000e+00 0.0000e+00 77.71109 1.11 0.04290 0.19094 0.05022 0.64523 -0.03161 -0.05992 0.00000 0.00000 0.00000 0.00000 0.00000 1.7836 6.1487e+04 6.7743e+04 0 0.0000e+00 0.0000e+00 0.0000e+00
52 -1 9.3802e+04 2.01 2.42 1.129 0.357 56 0.50202 0.50964 0.46570 5.12 29.29 -8.67 -4.269e-01 -1.283e+00 9.706e-01 0.00794 0.35680 1.0422e+05 8.8591e+04 8.8591e+04 2.6056e+04 0.0000e+00 47.40237 1.70 0.06165 0.19540 0.01629 0.23850 0.21961 0.22792 0.29937 0.00000 0.02988 0.24651 0.14263 0.9863 1.1124e+05 1.1985e+05 0 0.0000e+00 0.0000e+00 0.0000e+00
53 -1 5.9408e+05 6.59 7.44 2.090 0.086 147 0.49872 0.52007 0.47498 -5.05 2.82 -13.83 -2.910e+00 -1.076e+01 -1.636e+01 0.01551 0.05053 1.0422e+06 5.9408e+05 5.9408e+05 5.9408e+05 5.5760e+05 7.50281 0.86 0.03382 0.67152 0.48602 -0.12082 0.06037 0.24778 0.67030 0.49270 -0.12931 0.05624 0.24007 0.9536 1.4357e+06 3.8040e+05 0 0.0000e+00 0.0000e+00 0.0000e+00
54 -1 2.2408e+05 3.82 2.77 1.510 0.075 45 0.49927 0.52015 0.47406 -2.23 0.41 -6.07 -1.209e+00 -1.381e+00 9.599e-01 0.01982 0.07475 2.3450e+05 2.2408e+05 2.2408e+05 2.1887e+05 1.6676e+05 20.03250 0.42 0.01797 0.52157 0.43185 -0.07793 -0.11146 0.26705 0.46787 0.37557 -0.09234 -0.11953 0.25039 0.5338 3.6137e+05 6.7743e+04 0 0.0000e+00 0.0000e+00 0.0000e+00
55 -1 1.5634e+04 1.09 6.69 0.622 0.257 38 0.52133 0.49638 0.46273 -18.55 15.71 2.03 4.372e-02 -3.041e-02 1.120e-01 0.05164 0.25720 1.5634e+04 1.0422e+04 1.0422e+04 0.0000e+00 0.0000e+00 285.13492 8.13 0.09098 0.00000 0.00000 0.00000 0.00000 0.00000 0.00000 0.00000 0.00000 0.00000 0.00000 2.1393 5.2169e+04 4.6899e+04 0 0.0000e+00 0.0000e+00 0.0000e+00
56 -1 2.2929e+05 4.04 3.86 1.521 0.064 49 0.49873 0.51002 0.46938 -29.36 18.35 -5.51 -4.448e+00 3.959e+00 5.362e+00 0.05335 0.06391 2.5535e+05 2.2929e+05 2.2929e+05 2.2929e+05 1.9282e+05 19.31090 0.97 0.06691 0.80152 0.46049 0.09209 0.18487 0.16285 0.76105 0.44143 0.10665 0.18564 0.14122 0.7607 3.9993e+05 9.3798e+04 0 0.0000e+00 0.0000e+00 0.0000e+00
57 -1 2.8141e+05 4.08 3.25 1.629 0.083 67 0.50743 0.50899 0.46739 -18.85 24.48 -10.94 3.756e+00 -1.079e+00 8.424e+00 0.04615 0.08346 3.2310e+05 2.7619e+05 2.7619e+05 2.3450e+05 1.7197e+05 15.85098 0.60 0.05511 0.84303 0.78657 0.22581 -0.12142 -0.00001 0.89985 0.82259 -0.13933 0.04438 0.15995 0.6818 4.9888e+05 1.5112e+05 0 0.0000e+00 0.0000e+00 0.0000e+00
58 -1 2.0845e+04 1.26 2.20 0.684 0.154 30 0.48790 0.55207 0.47053 5.17 -8.25 -2.36 9.747e-03 -9.587e-02 -1.447e-01 0.06248 0.15435 2.0845e+04 2.0845e+04 2.0845e+04 0.0000e+00 0.0000e+00 218.47415 2.51 0.07900 0.59197 0.00000 0.22608 0.14493 -0.23275 0.00000 0.00000 0.00000 0.00000 0.00000 2.3742 3.4507e+04 1.5633e+04 0 0.0000e+00 0.0000e+00 0.0000e+00
59 -1 5.2112e+04 1.73 1.91 0.928 0.182 66 0.48595 0.52742 0.42405 16.60 1.98 -1.60 -4.004e-01 -8.615e-02 4.459e-01 0.04000 0.18243 5.2112e+04 5.2112e+04 5.2112e+04 0.0000e+00 0.0000e+00 83.06419 1.68 0.05973 0.60488 0.00000 0.22094 0.33226 0.24650 0.00000 0.00000 0.00000 0.00000 0.00000 0.5006 8.2596e+04 2.0844e+04 0 0.0000e+00 0.0000e+00 0.0000e+00
60 -1 9.9013e+04 2.06 1.80 1.150 0.337 55 0.49362 0.52694 0.42441 16.85 1.53 -2.48 1.839e+00 8.589e-02 -2.449e-01 0.04445 0.33662 1.0944e+05 9.3802e+04 9.3802e+04 0.0000e+00 0.0000e+00 43.93219 0.84 0.06285 0.87996 0.65243 -0.17463 -0.27055 0.46415 0.00000 0.00000 0.00000 0.00000 0.00000 0.5590 9.2648e+04 1.0943e+05 0 0.0000e+00 0.0000e+00 0.0000e+00
61 -1 1.1465e+05 2.12 4.09 1.208 0.501 51 0.49379 0.52742 0.42935 1.59 6.07 3.32 8.777e+00 -9.272e+00 3.917e+00 0.58641 0.50115 1.4070e+05 8.8591e+04 8.8591e+04 0.0000e+00 0.0000e+00 37.98292 0.75 0.35402 0.20231 0.02320 0.08839 0.16935 0.71776 0.00000 0.00000 0.00000 0.00000 0.00000 3.3489 9.8204e+04 1.5112e+05 0 0.0000e+00 0.0000e+00 0.0000e+00
62 -1 1.4904e+06 6.07 6.46 2.839 0.301 1131 0.49912 0.52366 0.42734 2.90 3.53 -0.62 -8.553e+01 7.749e+01 2.437e+01 0.02945 0.27052 2.0063e+06 1.4227e+06 1.4227e+06 1.0631e+06 5.7323e+05 3.05122 0.93 0.04351 0.72084 0.59767 0.00808 -0.18794 0.38563 0.82490 0.59541 -0.03859 -0.18778 0.30658 0.7860 2.4114e+06 7.6602e+05 0 0.0000e+00 0.0000e+00 0.0000e+00
63 -1 2.1887e+05 2.72 3.26 1.498 0.369 96 0.49591 0.52633 0.42873 5.22 5.41 -1.36 6.779e-01 -2.023e-01 -1.661e-01 0.00198 0.36885 2.7098e+05 2.1366e+05 2.1366e+05 1.2507e+05 0.0000e+00 19.96451 0.65 0.00656 0.81728 0.28948 0.36785 -0.29658 -0.12437 0.24283 0.00000 0.07612 0.08949 0.42565 1.0601 2.2982e+05 2.1886e+05 0 0.0000e+00 0.0000e+00 0.0000e+00
64 -1 1.5113e+05 2.34 3.79 1.324 0.466 132 0.49594 0.52368 0.43192 3.35 4.61 0.35 -1.002e+00 -7.327e+00 -4.097e+00 0.17056 0.46590 1.6155e+05 1.4070e+05 1.4070e+05 4.6901e+04 0.0000e+00 29.07203 0.61 0.14142 0.83551 0.33495 0.08946 -0.16229 0.33254 0.70227 0.50492 -0.09747 0.19156 -0.16441 2.1163 2.5108e+05 2.5013e+05 0 0.0000e+00 0.0000e+00 0.0000e+00
65 -1 9.2760e+05 4.26 4.95 2.424 2.398 335 0.49493 0.55005 0.42310 -0.11 -9.86 -2.88 9.601e+01 -2.686e+01 1.619e+01 0.01646 0.95968 1.1465e+06 8.1295e+05 8.1295e+05 2.8662e+05 0.0000e+00 4.77263 0.69 0.08211 0.52649 0.27425 0.40877 -0.23526 0.30357 0.41478 0.14569 0.25093 -0.11204 0.18160 1.0271 8.0452e+05 1.3028e+06 0 0.0000e+00 0.0000e+00 0.0000e+00
66 -1 6.0971e+06 8.02 7.90 4.541 2.381 1591 0.49505 0.54427 0.42905 -1.84 -4.37 -4.14 7.226e+02 -1.392e+02 4.264e+02 0.02595 1.63127 6.3629e+06 5.7740e+06 5.7740e+06 3.2205e+06 1.2715e+06 0.79566 0.93 0.02998 0.77290 0.53922 0.05195 0.63950 -0.24977 0.83714 0.64263 0.06618 0.41007 0.26208 0.5736 5.0320e+06 9.3068e+06 0 0.0000e+00 0.0000e+00 0.0000e+00
67 -1 1.6155e+06 5.53 5.20 2.917 0.885 484 0.48827 0.49408 0.43155 9.67 15.63 4.64 -1.319e+02 -1.717e+01 -1.029e+02 0.05080 0.51651 1.6259e+06 1.5842e+06 1.5842e+06 9.6929e+05 4.4817e+05 2.69230 0.33 0.05422 0.67196 0.57394 0.15901 0.10104 0.46064 0.83760 0.74508 -0.00775 0.08212 0.36120 0.5389 1.3591e+06 1.7613e+06 0 0.0000e+00 0.0000e+00 0.0000e+00
68 -1 8.3380e+04 1.92 2.76 1.086 0.376 91 0.47669 0.48777 0.46076 12.13 17.28 -2.78 -6.382e-01 -2.514e+00 -7.880e-01 0.08879 0.37591 9.3802e+04 4.6901e+04 4.6901e+04 3.6479e+04 0.0000e+00 51.25508 1.58 0.12218 0.26850 0.18581 0.33931 0.09668 -0.00215 0.42557 0.26066 0.22807 0.10665 0.04179 1.4471 8.3683e+04 1.0422e+05 0 0.0000e+00 0.0000e+00 0.0000e+00
69 -1 3.6479e+04 1.45 2.10 0.824 0.341 59 0.47925 0.52751 0.42515 14.57 2.59 -1.45 -1.172e-01 -3.789e-01 1.446e-01 0.05159 0.34110 3.6479e+04 3.1267e+04 3.1267e+04 0.0000e+00 0.0000e+00 118.29268 2.12 0.07547 0.65733 0.05942 0.33362 0.17798 0.31262 0.00000 0.00000 0.00000 0.00000 0.00000 0.3753 8.7268e+04 8.3376e+04 0 0.0000e+00 0.0000e+00 0.0000e+00
70 -1 1.0422e+04 1.00 8.72 0.543 0.115 51 0.48636 0.49168 0.45653 13.19 20.82 -0.85 0.000e+00 0.000e+00 0.000e+00 0.00000 0.11454 1.0422e+04 1.0422e+04 1.0422e+04 0.0000e+00 0.0000e+00 414.40405 12.33 0.00000 0.00000 0.00000 0.00000 0.00000 0.00000 0.00000 0.00000 0.00000 0.00000 0.00000 0.0000 7.1631e+04 1.0422e+04 0 0.0000e+00 0.0000e+00 0.0000e+00
71 -1 1.0422e+05 2.24 1.91 1.170 0.196 46 0.49702 0.52560 0.44567 -1.21 -8.13 1.32 3.691e-02 -1.323e-01 1.032e+00 0.02258 0.19566 1.0944e+05 1.0422e+05 1.0422e+05 4.1690e+04 0.0000e+00 42.51411 0.33 0.03235 0.21819 0.11772 0.17173 0.08142 0.48194 0.34471 0.17401 0.13378 0.09686 0.41316 0.6348 9.9466e+04 7.2954e+04 0 0.0000e+00 0.0000e+00 0.0000e+00
72 -1 5.7323e+04 1.96 2.09 0.958 0.113 33 0.47324 0.48670 0.46055 12.66 15.02 -1.20 -5.369e-01 4.297e-01 -8.958e-01 0.08415 0.11297 5.7323e+04 5.7323e+04 5.7323e+04 4.6901e+04 0.0000e+00 74.50355 1.79 0.09504 0.63571 0.16408 0.12660 0.25479 -0.13687 0.80900 0.19917 0.15253 0.18456 0.07530 0.3895 5.9203e+04 2.6055e+04 0 0.0000e+00 0.0000e+00 0.0000e+00
73 -1 1.0422e+04 1.00 7.72 0.543 0.115 28 0.49109 0.49969 0.43073 -0.95 20.51 7.47 0.000e+00 0.000e+00 0.000e+00 0.00000 0.11454 1.0422e+04 1.0422e+04 1.0422e+04 0.0000e+00 0.0000e+00 411.25674 10.92 0.00000 0.00000 0.00000 0.00000 0.00000 0.00000 0.00000 0.00000 0.00000 0.00000 0.00000 0.0000 2.4033e+04 1.0422e+04 0 0.0000e+00 0.0000e+00 0.0000e+00
0 -1 5.7323e+04 1.72 2.33 0.958 0.277 193 0.52167 0.50780 0.52782 -7.95 12.01 -6.55 4.920e-01 -2.285e+00 1.171e-01 0.19255 0.27690 5.7323e+04 5.7323e+04 4.6901e+04 0.0000e+00 0.0000e+00 81.66885 1.44 0.19695 0.51501 0.07269 -0.09362 -0.00217 0.38130 0.00000 0.00000 0.00000 0.00000 0.00000 2.0486 1.7811e+05 6.7743e+04 0 0.0000e+00 0.0000e+00 0.0000e+00
1 -1 4.1690e+04 1.53 2.32 0.862 0.291 28 0.46277 0.54446 0.52616 12.23 5.34 -0.58 -8.831e-01 -1.271e+00 -4.835e-01 0.13932 0.29092 6.7746e+04 3.1267e+04 3.1267e+04 0.0000e+00 0.0000e+00 110.96811 1.20 0.23198 0.56256 0.07103 0.29480 -0.25790 -0.23261 0.00000 0.00000 0.00000 0.00000 0.00000 1.3474 3.4617e+04 4.6899e+04 0 0.0000e+00 0.0000e+00 0.0000e+00
2 -1 6.7746e+04 1.79 1.44 1.013 0.361 102 0.52353 0.52197 0.54133 -10.86 7.36 -4.08 2.805e-01 -6.446e-01 1.607e-02 0.01629 0.36119 6.7746e+04 4.6901e+04 4.6901e+04 0.0000e+00 0.0000e+00 70.50629 1.06 0.04479 0.37800 0.00000 -0.04139 -0.03589 0.27967 0.00000 0.00000 0.00000 0.00000 0.00000 0.8636 1.9052e+05 1.2506e+05 0 0.0000e+00 0.0000e+00 0.0000e+00
3 -1 3.6479e+04 1.61 2.36 0.824 0.121 44 0.52571 0.52245 0.54566 -9.71 7.94 -5.40 -2.949e-01 2.767e-01 2.305e-01 0.08088 0.12105 3.6479e+04 3.6479e+04 3.6479e+04 2.6056e+04 0.0000e+00 131.51427 1.95 0.08322 0.19123 0.00346 0.23215 0.20527 0.01439 0.01250 0.00000 0.26520 0.18129 0.02460 1.9816 8.9934e+04 2.6055e+04 0 0.0000e+00 0.0000e+00 0.0000e+00
4 -1 1.5634e+04 1.17 2.53 0.622 0.117 85 0.48759 0.53602 0.50925 -6.18 0.09 -6.91 9.258e-03 1.687e-02 2.692e-03 0.00668 0.11691 1.5634e+04 1.5634e+04 1.5634e+04 0.0000e+00 0.0000e+00 295.17566 3.09 0.01426 0.00000 0.00000 0.00000 0.00000 0.00000 0.00000 0.00000 0.00000 0.00000 0.00000 0.2233 3.7073e+04 1.0422e+04 0 0.0000e+00 0.0000e+00 0.0000e+00
5 -1 2.0845e+04 1.24 2.15 0.684 0.178 38 0.52189 0.55766 0.55269 -8.82 -3.24 -1.17 -7.176e-02 8.687e-02 1.543e-01 0.07573 0.17846 2.0845e+04 2.0845e+04 2.0845e+04 0.0000e+00 0.0000e+00 235.69582 2.37 0.08680 0.77061 0.01437 0.18415 -0.18039 0.04551 0.00000 0.00000 0.00000 0.00000 0.00000 2.4489 6.3090e+04 2.0844e+04 0 0.0000e+00 0.0000e+00 0.0000e+00
6 -1 8.8591e+04 1.96 2.15 1.108 0.402 33 0.44456 0.50476 0.52845 5.77 11.10 -3.21 8.631e-01 -9.579e-01 -1.260e+00 0.04656 0.40237 9.9013e+04 7.8168e+04 7.8168e+04 0.0000e+00 0.0000e+00 50.39153 0.88 0.07346 0.74901 0.01665 -0.18935 0.29501 0.01723 0.00000 0.00000 0.00000 0.00000 0.00000 1.3544 7.3030e+04 8.8587e+04 0 0.0000e+00 0.0000e+00 0.0000e+00
7 -1 3.1267e+04 1.44 2.17 0.783 0.172 30 0.52732 0.52262 0.54844 -10.22 6.91 -5.03 -4.465e-01 1.117e-01 4.318e-02 0.07118 0.17150 3.1267e+04 3.1267e+04 3.1267e+04 0.0000e+00 0.0000e+00 153.84407 2.22 0.10685 0.54966 0.14762 0.16312 0.23559 0.21291 0.00000 0.00000 0.00000 0.00000 0.00000 1.6324 6.5525e+04 2.6055e+04 0 0.0000e+00 0.0000e+00 0.0000e+00
8 -1 1.2507e+05 3.30 2.37 1.243 0.052 30 0.49683 0.52175 0.47649 3.06 -4.58 -9.53 4.737e-01 4.312e-01 -3.698e-01 0.01312 0.05203 1.5634e+05 1.2507e+05 1.2507e+05 1.2507e+05 1.0944e+05 35.95593 1.19 0.01696 0.89586 0.66885 0.20704 0.03621 0.07247 0.89586 0.66885 0.20704 0.03621 0.07247 0.7477 2.3044e+05 3.1266e+04 0 0.0000e+00 0.0000e+00 0.0000e+00
9 -1 3.5144e+07 15.08 19.29 8.142 1.705 13912 0.49870 0.52113 0.47646 -2.89 1.24 -9.91 3.275e+04 1.943e+04 -9.620e+03 0.04179 1.70876 6.1357e+07 3.3644e+07 3.3618e+07 2.3237e+07 9.2395e+06 1.15896 2.90 0.07472 0.44338 0.32355 -0.02880 0.59477 1.12228 0.39677 0.30753 -0.05178 0.55266 0.87101 0.8551 4.0314e+07 3.0159e+07 0 0.0000e+00 0.0000e+00 0.0000e+00
10 -1 1.4800e+06 6.09 6.86 2.833 0.194 459 0.49938 0.52195 0.48063 1.65 -3.26 1.63 1.486e+02 4.718e+01 -4.116e+01 0.03650 0.26425 2.3190e+06 1.4748e+06 1.4748e+06 1.2455e+06 6.6704e+05 3.01078 1.80 0.06018 0.48561 0.42864 -0.02029 0.02311 0.46461 0.39713 0.37306 0.03940 -0.01557 0.41286 0.8535 1.4725e+06 6.0448e+05 0 0.0000e+00 0.0000e+00 0.0000e+00
11 -1 2.9183e+05 3.11 1.62 1.649 0.302 67 0.50260 0.52373 0.49729 0.53 2.26 -9.41 1.249e-01 2.905e-01 -1.837e+00 0.01144 0.30153 2.9704e+05 2.8141e+05 2.8141e+05 2.1366e+05 0.0000e+00 15.66636 0.31 0.01041 0.37826 0.15930 0.32153 -0.12035 0.27976 0.41358 0.17978 0.27719 -0.10974 0.24548 0.3059 2.6846e+05 2.3450e+05 0 0.0000e+00 0.0000e+00 0.0000e+00
12 -1 2.0949e+06 5.91 5.80 3.181 1.121 825 0.50152 0.52619 0.49619 0.26 -2.27 -13.52 -2.646e+02 -1.433e+01 1.531e+01 0.04586 0.65494 2.1939e+06 1.9907e+06 1.9803e+06 1.2507e+06 5.9408e+05 2.12401 1.11 0.05550 0.74496 0.58284 -0.18566 0.48980 -0.12581 0.87423 0.72878 0.11860 0.36703 0.08138 0.6290 1.7749e+06 2.6524e+06 0 0.0000e+00 0.0000e+00 0.0000e+00
13 -1 6.2535e+04 2.11 2.30 0.987 0.094 36 0.50679 0.52792 0.49922 4.19 -5.66 -7.69 3.673e-01 1.496e-01 -5.946e-01 0.04980 0.09433 1.0944e+05 6.2535e+04 6.2535e+04 5.7323e+04 0.0000e+00 73.83587 1.32 0.05203 0.54046 0.51959 0.12489 0.24454 -0.13729 0.72301 0.55761 0.06101 0.22017 -0.16148 1.6415 6.9427e+04 2.6055e+04 0 0.0000e+00 0.0000e+00 0.0000e+00
14 -1 7.3478e+05 4.12 4.37 2.243 0.540 505 0.49101 0.52763 0.49211 -3.21 1.97 -14.26 4.350e+01 -2.174e+01 7.704e+00 0.04044 0.50493 7.5563e+05 7.0873e+05 7.0873e+05 4.4817e+05 1.0944e+05 6.09249 0.37 0.05903 0.57716 0.28343 0.35224 0.07990 0.36508 0.82237 0.27417 0.23972 0.06080 0.29191 0.7265 6.3158e+05 7.1912e+05 0 0.0000e+00 0.0000e+00 0.0000e+00
15 -1 8.8591e+04 2.06 4.64 1.108 0.225 28 0.49382 0.52717 0.49218 -3.97 -1.91 -13.68 3.741e+00 4.863e-02 -3.394e+00 0.42079 0.22464 1.2507e+05 8.8591e+04 8.8591e+04 5.7323e+04 0.0000e+00 51.39596 1.19 0.20580 0.17282 0.09741 0.26777 0.12353 -0.13053 0.18122 0.00483 0.20562 0.11619 -0.13220 3.9204 8.1210e+04 6.7743e+04 0 0.0000e+00 0.0000e+00 0.0000e+00
16 -1 2.0845e+05 2.63 3.49 1.474 0.453 62 0.49359 0.52650 0.49197 -4.05 -1.26 -12.66 -6.908e-01 -9.138e+00 -1.032e+01 0.09540 0.45250 3.8563e+05 2.0324e+05 1.9282e+05 9.9013e+04 0.0000e+00 21.63500 1.79 0.13511 0.63351 0.19750 -0.09168 0.36941 0.23186 0.47562 0.01668 0.23413 -0.15950 0.10342 1.2876 1.7300e+05 2.4492e+05 0 0.0000e+00 0.0000e+00 0.0000e+00
17 -1 1.2507e+05 2.20 2.47 1.243 0.408 56 0.49391 0.52720 0.49384 -2.71 -3.63 -15.84 -4.451e-01 -4.033e-01 2.577e-01 0.00453 0.40802 2.1366e+05 1.1986e+05 1.1986e+05 0.0000e+00 0.0000e+00 36.41640 1.55 0.01499 0.76966 0.10014 0.46769 0.14431 0.04139 0.00000 0.00000 0.00000 0.00000 0.00000 0.9400 1.0419e+05 1.4591e+05 0 0.0000e+00 0.0000e+00 0.0000e+00
18 -1 1.3445e+06 4.82 5.22 2.743 2.717 202 0.49542 0.52685 0.49308 -1.85 -2.88 -14.48 7.887e+01 5.783e+01 -9.084e+01 0.02514 1.11359 1.4070e+06 1.2246e+06 1.2194e+06 1.0944e+05 0.0000e+00 3.81701 0.33 0.05845 0.75035 0.14908 0.60190 0.15530 0.54726 0.35655 0.05173 0.16180 0.12038 0.31773 0.8644 1.1201e+06 1.7196e+06 0 0.0000e+00 0.0000e+00 0.0000e+00
19 -1 2.6056e+04 1.33 3.80 0.737 0.198 33 0.49040 0.52584 0.50207 -15.80 -2.86 -12.72 2.129e-01 2.755e-01 1.930e-01 0.02550 0.19830 2.6056e+04 2.6056e+04 2.6056e+04 0.0000e+00 0.0000e+00 175.42551 4.10 0.12468 0.72312 0.39882 0.18682 -0.04279 0.23075 0.00000 0.00000 0.00000 0.00000 0.00000 0.9331 5.2601e+04 2.6055e+04 0 0.0000e+00 0.0000e+00 0.0000e+00
20 -1 1.9803e+05 2.67 3.04 1.449 0.312 292 0.48842 0.52977 0.50562 -10.72 -0.06 -12.15 2.966e+00 -1.000e+01 -2.051e+00 0.02970 0.31168 1.9803e+05 1.8239e+05 1.8239e+05 1.0944e+05 0.0000e+00 23.10177 0.43 0.11333 0.49437 0.10260 0.12927 0.13378 0.46428 0.14038 0.12900 0.05357 -0.07619 0.38689 0.9541 3.2454e+05 1.7717e+05 0 0.0000e+00 0.0000e+00 0.0000e+00
21 -1 8.3380e+04 2.03 2.95 1.086 0.211 114 0.49946 0.52219 0.49581 6.31 -8.81 -5.43 -2.600e+00 3.242e+00 4.581e+00 0.30982 0.21141 1.0422e+05 8.3380e+04 8.3380e+04 0.0000e+00 0.0000e+00 54.83010 0.66 0.27880 0.40865 0.03749 0.27662 -0.10722 0.23821 0.00000 0.00000 0.00000 0.00000 0.00000 2.0432 1.0328e+05 5.7321e+04 0 0.0000e+00 0.0000e+00 0.0000e+00
22 -1 2.6056e+04 1.38 2.76 0.737 0.140 42 0.49479 0.53679 0.48417 8.13 -11.67 -1.61 1.613e-01 1.421e-01 5.183e-01 0.22259 0.13954 3.1267e+04 2.6056e+04 2.6056e+04 0.0000e+00 0.0000e+00 175.22650 3.00 0.17573 0.41292 0.01975 -0.06394 -0.06960 0.33150 0.00000 0.00000 0.00000 0.00000 0.00000 3.2730 6.4512e+04 2.0844e+04 0 0.0000e+00 0.0000e+00 0.0000e+00
23 -1 3.1267e+04 1.59 2.26 0.783 0.095 26 0.49874 0.52999 0.49453 -0.81 -7.48 -11.83 -2.563e-01 5.148e-01 4.275e-02 0.08543 0.09532 5.7323e+04 3.1267e+04 3.1267e+04 0.0000e+00 0.0000e+00 146.73532 2.96 0.13329 0.48960 0.18977 0.23704 0.03310 0.17773 0.00000 0.00000 0.00000 0.00000 0.00000 1.4922 6.3700e+04 2.0844e+04 0 0.0000e+00 0.0000e+00 0.0000e+00
24 -1 7.4520e+05 4.53 3.61 2.254 0.423 488 0.49387 0.53842 0.51372 12.74 0.63 -0.28 9.991e+00 -1.043e+01 9.031e+00 0.02167 0.28594 7.4520e+05 7.0873e+05 7.0873e+05 5.7845e+05 2.5535e+05 6.32893 0.31 0.01994 0.37981 0.32496 0.34069 0.29238 0.22041 0.29790 0.26514 0.34054 0.23060 0.18743 0.4057 6.6969e+05 6.1490e+05 0 0.0000e+00 0.0000e+00 0.0000e+00
25 -1 8.3380e+04 1.94 1.50 1.086 0.326 46 0.49639 0.53181 0.50964 0.26 2.52 -8.94 -3.263e-01 -1.929e+00 6.312e-01 0.07190 0.32648 8.3380e+04 7.8168e+04 7.8168e+04 3.1267e+04 0.0000e+00 55.36312 0.58 0.09264 0.71232 0.01649 -0.08346 0.49245 0.21263 0.33006 0.00000 0.35997 -0.19451 -0.11047 0.4888 1.7579e+05 1.0422e+05 0 0.0000e+00 0.0000e+00 0.0000e+00
26 -1 3.6479e+04 1.51 1.47 0.824 0.193 34 0.49484 0.53427 0.51462 -0.66 4.34 -6.57 -1.247e-01 1.223e+00 -7.726e-01 0.04524 0.19296 6.7746e+04 3.6479e+04 3.6479e+04 0.0000e+00 0.0000e+00 127.47089 1.22 0.25953 0.03701 0.00000 0.02217 0.26960 0.21489 0.00000 0.00000 0.00000 0.00000 0.00000 1.0316 3.7847e+04 3.6477e+04 0 0.0000e+00 0.0000e+00 0.0000e+00
27 -1 5.2112e+04 1.67 1.83 0.928 0.253 44 0.49587 0.53261 0.51212 0.86 2.34 -7.53 2.273e+00 3.255e-01 4.047e-01 0.15141 0.25333 7.8168e+04 5.2112e+04 5.2112e+04 0.0000e+00 0.0000e+00 89.10681 0.78 0.23002 0.30737 0.00111 -0.20399 -0.16793 0.37627 0.00000 0.00000 0.00000 0.00000 0.00000 1.4540 7.8127e+04 5.7321e+04 0 0.0000e+00 0.0000e+00 0.0000e+00
28 -1 1.2455e+06 5.94 5.48 2.674 0.152 490 0.47903 0.54904 0.53668 9.87 -1.78 -3.71 6.022e+00 7.990e+00 8.374e+00 0.00612 0.21708 1.2663e+06 1.2090e+06 1.2090e+06 9.5365e+05 6.6183e+05 3.81102 0.32 0.00649 0.94692 0.87510 -0.12583 -0.03489 0.35670 0.93658 0.69535 0.23134 0.07370 0.22223 0.6159 1.4210e+06 3.9604e+05 0 0.0000e+00 0.0000e+00 0.0000e+00
29 -1 1.0787e+06 5.27 5.03 2.549 0.575 281 0.47406 0.55025 0.54017 8.13 -6.58 -6.55 1.728e+00 3.289e+01 6.005e-01 0.01572 0.28450 1.0839e+06 1.0422e+06 1.0422e+06 7.2436e+05 3.4394e+05 4.28538 0.92 0.02082 0.95005 0.56278 0.18696 0.12285 0.35285 0.52618 0.37718 -0.18186 0.27257 0.01075 0.7101 8.9397e+05 1.0057e+06 0 0.0000e+00 0.0000e+00 0.0000e+00
30 -1 1.9751e+06 6.76 7.81 3.119 0.256 1089 0.48985 0.54268 0.53783 -1.78 2.00 -10.48 3.590e+01 -1.119e+02 -7.202e+01 0.01914 0.28030 3.5436e+06 1.9751e+06 1.9751e+06 1.7822e+06 9.5886e+05 2.13305 1.09 0.03179 0.88901 0.64721 0.14863 0.00829 0.46392 0.84697 0.62491 0.19081 0.06096 0.40043 0.8540 2.2258e+06 9.7967e+05 0 0.0000e+00 0.0000e+00 0.0000e+00
31 -1 1.5165e+06 6.45 6.17 2.856 0.202 840 0.48994 0.54328 0.54603 -1.30 -0.31 -11.40 -1.980e+01 -1.284e+01 8.502e+01 0.03292 0.21574 2.6212e+06 1.5165e+06 1.5165e+06 1.3914e+06 7.7647e+05 3.20350 0.72 0.03162 0.84094 0.67920 -0.04421 -0.22633 0.36539 0.87278 0.68363 -0.04617 -0.27526 0.27437 0.5854 1.7102e+06 6.7222e+05 0 0.0000e+00 0.0000e+00 0.0000e+00
