       1   4.613740444e-01   1.318824291e-01   6.075222492e-01
       2   4.482154846e-01   1.260404587e-01   5.872206688e-01
       3   4.333112240e-01   1.224820614e-01   5.687088966e-01
       4   4.335269928e-01   1.213691235e-01   5.675914288e-01
       5   4.301202297e-01   1.249365807e-01   5.677750111e-01
       6   4.259729385e-01   1.267783642e-01   5.652971268e-01
       7   4.283123016e-01   1.242308617e-01   5.651729107e-01
       8   4.257202148e-01   1.214609146e-01   5.599176884e-01
       9   4.364120960e-01   1.215474606e-01   5.707216263e-01
      10   4.217810631e-01   1.165969372e-01   5.511500835e-01
      11   4.299099445e-01   1.169571877e-01   5.596253872e-01
      12   4.257154465e-01   1.171395779e-01   5.553164482e-01
      13   4.341423512e-01   1.167604923e-01   5.637929440e-01
      14   4.369583130e-01   1.185114384e-01   5.682523251e-01
      15   4.403641224e-01   1.226701736e-01   5.758507252e-01
      16   4.294579029e-01   1.189057827e-01   5.610985756e-01
      17   4.280416965e-01   1.243422031e-01   5.650877953e-01
      18   4.323470592e-01   1.264958382e-01   5.715498924e-01
      19   4.286494255e-01   1.279759407e-01   5.691928864e-01
      20   4.403297901e-01   1.264343262e-01   5.794596672e-01
      21   4.342398643e-01   1.241326332e-01   5.711698532e-01
      22   4.332382679e-01   1.166176796e-01   5.625307560e-01
      23   4.274234772e-01   1.158962250e-01   5.560557842e-01
      24   4.341015816e-01   1.192524433e-01   5.661308765e-01
      25   4.346492290e-01   1.192564964e-01   5.664720535e-01
      26   4.318816662e-01   1.205849648e-01   5.649018288e-01
      27   4.254522324e-01   1.160356998e-01   5.542731285e-01
      28   4.269423485e-01   1.179881096e-01   5.576586723e-01
      29   4.283480644e-01   1.166622639e-01   5.576169491e-01
      30   4.335107803e-01   1.201167107e-01   5.659925938e-01
      31   4.318270683e-01   1.196315289e-01   5.640580654e-01
      32   4.341480732e-01   1.203961372e-01   5.671894550e-01
      33   4.315202236e-01   1.165966988e-01   5.607821941e-01
      34   4.385840893e-01   1.226003170e-01   5.739274025e-01
      35   4.384715557e-01   1.229627132e-01   5.742511749e-01
      36   4.375417233e-01   1.254513264e-01   5.767157078e-01
      37   4.306554794e-01   1.273531914e-01   5.707833767e-01
      38   4.325423241e-01   1.287810802e-01   5.739102364e-01
      39   4.316840172e-01   1.232948303e-01   5.676975250e-01
      40   4.301640987e-01   1.234216690e-01   5.658864975e-01
      41   4.362006187e-01   1.199333668e-01   5.686972141e-01
      42   4.312269688e-01   1.200110912e-01   5.639178753e-01
      43   4.358694553e-01   1.210219860e-01   5.691895485e-01
      44   4.337873459e-01   1.172838211e-01   5.637240410e-01
      45   4.310476780e-01   1.175897121e-01   5.612597466e-01
      46   4.333817959e-01   1.178698540e-01   5.636770725e-01
      47   4.366576672e-01   1.197574139e-01   5.688803196e-01
      48   4.346807003e-01   1.205632687e-01   5.678892136e-01
      49   4.394376278e-01   1.209831238e-01   5.729241371e-01
      50   4.363954067e-01   1.192207336e-01   5.679957867e-01
      51   4.342184067e-01   1.227922440e-01   5.695664883e-01
      52   4.327015877e-01   1.242511272e-01   5.693888664e-01
      53   4.349956512e-01   1.930167675e-01   6.404972076e-01
      54   4.392998219e-01   2.114427090e-01   6.632952690e-01
      55   4.520304203e-01   2.111158371e-01   6.756303310e-01
      56   4.559438229e-01   2.286875248e-01   6.970911026e-01
      57   4.457743168e-01   2.249543667e-01   6.832594872e-01
      58   4.560310841e-01   2.278940678e-01   6.963498592e-01
      59   4.441156387e-01   2.179219723e-01   6.744203568e-01
      60   4.507768154e-01   2.141909599e-01   6.774857044e-01
      61   4.648795128e-01   2.137305737e-01   6.909954548e-01
      62   4.567389488e-01   2.235174179e-01   6.926414967e-01
      63   4.780116081e-01   2.228739262e-01   7.132358551e-01
      64   4.619948864e-01   2.203249931e-01   6.945569515e-01
      65   4.850013256e-01   2.227857113e-01   7.200868130e-01
      66   4.881069660e-01   2.342383862e-01   7.347073555e-01
      67   4.991488457e-01   2.400662899e-01   7.514166832e-01
      68   5.137341022e-01   2.300193310e-01   7.559866905e-01
      69   5.201230049e-01   2.365410328e-01   7.689895630e-01
      70   5.320518017e-01   2.272789478e-01   7.716810703e-01
      71   5.794432163e-01   2.533826828e-01   8.447978497e-01
      72   5.672860146e-01   2.254469395e-01   8.049740791e-01
      73   5.884320736e-01   2.268440723e-01   8.275811672e-01
      74   6.161158085e-01   2.394471169e-01   8.676593304e-01
      75   6.447482109e-01   2.285339832e-01   8.850884438e-01
      76   7.134501934e-01   2.422931194e-01   9.675865173e-01
      77   7.296772003e-01   2.457094193e-01   9.874134064e-01
      78   7.731292248e-01   2.430388927e-01   1.028326035e+00
      79   8.372578621e-01   2.439355850e-01   1.534471750e+00
      80   1.004408360e+00   2.389044762e-01   1.255753517e+00
      81   9.583680630e-01   2.531104088e-01   1.223675251e+00
      82   9.102470875e-01   2.631390095e-01   1.185435534e+00
      83   9.442002773e-01   2.584047318e-01   1.214581490e+00
      84   1.067796469e+00   2.594916821e-01   1.338946104e+00
      85   1.258734226e+00   2.615251541e-01   1.532083750e+00
      86   1.158586264e+00   2.721452713e-01   1.442674160e+00
      87   1.364519596e+00   2.817707062e-01   1.658180952e+00
      88   1.332869291e+00   2.980306149e-01   1.642843485e+00
      89   1.512589216e+00   2.959017754e-01   1.820375443e+00
      90   1.616642952e+00   2.983539104e-01   1.926695108e+00
      91   2.021098614e+00   3.171913624e-01   2.350028515e+00
      92   1.743998528e+00   3.143460751e-01   2.069968462e+00
      93   1.956884384e+00   3.232035637e-01   2.291815996e+00
      94   2.049424887e+00   3.336281776e-01   2.394722939e+00
      95   2.239730120e+00   3.395357132e-01   2.591083527e+00
      96   2.333869219e+00   3.522784710e-01   2.697680712e+00
      97   2.607058764e+00   3.672065735e-01   2.985616207e+00
      98   2.763518810e+00   3.823976517e-01   3.157267332e+00
      99   3.016033649e+00   3.827757835e-01   3.410188913e+00
     100   3.371137142e+00   3.886964321e-01   3.771322489e+00
     101   3.427629232e+00   4.073686600e-01   3.846262217e+00
     102   3.735023260e+00   4.108846188e-01   4.157005310e+00
     103   3.901452780e+00   4.310238361e-01   4.343736887e+00
     104   4.458801985e+00   4.517347813e-01   4.921517611e+00
     105   5.150067091e+00   4.612376690e-01   5.622201204e+00
     106   4.838563919e+00   4.713909626e-01   5.857011795e+00
     107   5.520453453e+00   4.769780636e-01   6.008440256e+00
     108   5.029392958e+00   4.892098904e-01   5.529490232e+00
     109   5.367744207e+00   5.257813931e-01   5.904230595e+00
     110   5.659467220e+00   5.412020683e-01   6.211344242e+00
     111   7.735807180e+00   5.577118397e-01   8.304073572e+00
     112   9.219328880e+00   5.681483746e-01   9.797955275e+00
     113   6.624398232e+00   5.924637318e-01   7.227353811e+00
     114   7.239558935e+00   6.180500984e-01   7.867910624e+00
     115   9.564222097e+00   6.329112053e-01   1.020748854e+01
     116   7.974035025e+00   6.422359943e-01   8.626301050e+00
     117   1.067532206e+01   6.564381123e-01   1.185753202e+01
     118   1.113683558e+01   6.718950272e-01   1.181865954e+01
     119   1.307137299e+01   6.881239414e-01   1.376927352e+01
     120   1.308388567e+01   7.103140354e-01   1.380402255e+01
     121   1.500945210e+01   7.441809177e-01   1.576338840e+01
     122   1.316205764e+01   7.578177452e-01   1.392940974e+01
     123   1.318051314e+01   9.506072998e-01   1.414058566e+01
     124   2.438670993e+01   9.793634415e-01   2.537704015e+01
     125   2.082416987e+01   9.844830036e-01   2.181953144e+01
     126   1.881990671e+01   1.003709793e+00   1.983457088e+01
     127   2.662969851e+01   1.076800585e+00   2.771732187e+01
     128   2.225173211e+01   1.007054806e+00   2.326935720e+01
     129   2.258709836e+01   1.070915461e+00   2.366841674e+01
     130   2.634401941e+01   1.096746683e+00   2.745086217e+01
     131   2.612649608e+01   1.121245623e+00   2.725741458e+01
     132   2.693212438e+01   1.142742157e+00   2.808426237e+01
     133   3.143681955e+01   1.175688744e+00   3.262181711e+01
     134   3.087010598e+01   1.222183704e+00   3.210174918e+01
     135   3.496081614e+01   1.310625792e+00   3.628071928e+01
     136   3.516270471e+01   1.353569508e+00   3.652599430e+01
     137   3.714518976e+01   1.340906382e+00   3.849580884e+01
     138   4.350730300e+01   1.416136503e+00   4.493314290e+01
     139   4.123674154e+01   1.454114437e+00   4.270022392e+01
     140   4.636874151e+01   1.501756907e+00   4.787997603e+01
     141   4.972523832e+01   1.518306732e+00   5.125272751e+01
     142   5.057184076e+01   1.542089224e+00   5.212305641e+01
     143   5.322858310e+01   1.600557327e+00   5.483831978e+01
     144   5.416498780e+01   1.646190882e+00   5.582022452e+01
     145   5.843903899e+01   1.639730930e+00   6.008760667e+01
     146   5.941816354e+01   1.618929148e+00   6.104582906e+01
     147   3.724778962e+01   1.716698170e+00   3.975668526e+01
     148   6.231596279e+01   1.608467579e+00   6.393326759e+01
     149   6.898859882e+01   1.657046080e+00   7.065376592e+01
     150   6.886041594e+01   1.734992743e+00   7.060333347e+01
     151   3.716271091e+01   1.743985415e+00   3.964486814e+01
     152   7.871765757e+01   1.916185617e+00   8.064194703e+01
     153   7.875217748e+01   1.815497398e+00   8.057560396e+01
     154   8.502975845e+01   1.916982651e+00   8.695437241e+01
     155   3.469707775e+01   1.933705091e+00   3.741458201e+01
     156   9.768481040e+01   2.068670750e+00   9.976140285e+01
     157   1.004702816e+02   2.083357334e+00   1.025615025e+02
     158   1.143998029e+02   2.112994432e+00   1.165204716e+02
     159   1.263097610e+02   2.022723198e+00   1.283401337e+02
     160   1.313435876e+02   1.980588675e+00   1.333312759e+02
     161   1.279759283e+02   2.315205336e+00   1.302983453e+02
     162   1.374390085e+02   2.304422617e+00   1.397506223e+02
     163   1.429010706e+02   2.360115290e+00   1.452685282e+02
     164   1.751098008e+02   2.313584805e+00   1.774308207e+02
     165   1.826544008e+02   2.494056463e+00   1.851554456e+02
     166   1.658359284e+02   2.516826630e+00   1.683598478e+02
     167   6.161100554e+01   2.548910141e+00   6.507438684e+01
     168   1.723668401e+02   2.327744007e+00   1.747017639e+02
     169   2.134702029e+02   2.436726332e+00   2.159134130e+02
     170   2.074300978e+02   2.319853544e+00   2.097645690e+02
     171   1.575361936e+02   2.245292902e+00   1.598219755e+02
     172   2.035903838e+02   2.254668951e+00   2.058510292e+02
     173   2.169045577e+02   2.327754498e+00   2.192388217e+02
     174   2.190887907e+02   2.343935251e+00   2.214389930e+02
     175   2.108185227e+02   2.326599836e+00   2.131510816e+02
     176   2.170800321e+02   2.403009653e+00   2.194887724e+02
     177   2.324611831e+02   2.461673737e+00   2.349287698e+02
     178   2.435285823e+02   2.480429411e+00   2.460150599e+02
     179   1.032350686e+02   2.430881977e+00   1.065821140e+02
     180   2.317852330e+02   2.472408056e+00   2.342635589e+02
     181   6.920186186e+01   2.509838104e+00   7.258247209e+01
     182   2.692936516e+02   2.678325891e+00   2.719781442e+02
     183   2.848213060e+02   2.854112148e+00   2.876815469e+02
     184   2.681404779e+02   2.696894646e+00   2.708434267e+02
     185   1.403492215e+02   2.868532896e+00   1.432236397e+02
