       1   8.429164410e+00   1.864385366e+00   1.032806158e+01
       2   8.151725292e+00   1.863808393e+00   1.004496193e+01
       3   8.003252506e+00   1.864627361e+00   9.897404194e+00
       4   8.009509325e+00   1.873966217e+00   9.913014889e+00
       5   7.993627787e+00   1.851817846e+00   9.875253201e+00
       6   8.013545036e+00   1.865069151e+00   9.908360481e+00
       7   8.198895216e+00   1.856735706e+00   1.008527565e+01
       8   8.253669977e+00   1.880360842e+00   1.016400003e+01
       9   7.958220243e+00   1.884623289e+00   9.872662067e+00
      10   8.280565023e+00   1.864258051e+00   1.017452312e+01
      11   8.105048180e+00   1.865766287e+00   1.000071812e+01
      12   7.941028595e+00   1.886832237e+00   9.857900381e+00
      13   7.914732695e+00   1.897902727e+00   9.842739582e+00
      14   8.070748091e+00   1.874117136e+00   9.974453688e+00
      15   7.921692133e+00   1.905539036e+00   9.856804132e+00
      16   7.947299480e+00   1.888183117e+00   9.865378618e+00
      17   7.936458111e+00   1.891221523e+00   9.857723713e+00
      18   8.082260609e+00   1.890133381e+00   1.000213599e+01
      19   8.095861673e+00   1.899639368e+00   1.002557421e+01
      20   7.945670128e+00   1.922290802e+00   9.897953510e+00
      21   7.775767326e+00   1.917840958e+00   9.723449945e+00
      22   7.787512302e+00   1.906705141e+00   9.723706245e+00
      23   7.771000147e+00   1.916740179e+00   9.717781544e+00
      24   7.788178921e+00   1.913814783e+00   9.731971979e+00
      25   7.769961834e+00   1.922002792e+00   9.721590281e+00
      26   7.773447275e+00   1.908332586e+00   9.711677551e+00
      27   7.586059332e+00   1.945583582e+00   9.561529398e+00
      28   7.602475405e+00   1.975724459e+00   9.608224630e+00
      29   7.627043724e+00   1.925873041e+00   9.597253561e+00
      30   7.667131424e+00   1.938869238e+00   9.635985613e+00
      31   7.549002409e+00   1.934784651e+00   9.514366150e+00
      32   7.533808708e+00   1.957481146e+00   9.521538496e+00
      33   7.641549349e+00   1.918493509e+00   9.590432167e+00
      34   7.684541225e+00   1.939372778e+00   9.654181957e+00
      35   7.706406593e+00   1.935769796e+00   9.672230482e+00
      36   7.667695761e+00   1.935203791e+00   9.633641720e+00
      37   7.659751415e+00   1.948231220e+00   9.638238430e+00
      38   7.878758907e+00   1.943584442e+00   9.852339268e+00
      39   7.599189758e+00   1.964095116e+00   9.593407393e+00
      40   7.535512209e+00   1.966582298e+00   9.532253742e+00
      41   7.742879391e+00   1.951238155e+00   9.724342346e+00
      42   7.781292677e+00   1.942059994e+00   9.753089190e+00
      43   7.601914644e+00   1.974985361e+00   9.607241392e+00
      44   7.520047665e+00   1.979761124e+00   9.530473709e+00
      45   7.525629282e+00   1.963809252e+00   9.520049334e+00
      46   7.870087862e+00   1.975312233e+00   9.875299692e+00
      47   7.537247896e+00   1.961663246e+00   9.529309034e+00
      48   7.740095615e+00   1.978274584e+00   9.749117613e+00
      49   7.548432350e+00   2.004158974e+00   9.582826138e+00
      50   7.366870642e+00   2.017164469e+00   9.414333820e+00
      51   7.347330809e+00   2.018701077e+00   9.396478653e+00
      52   7.282795191e+00   2.022590399e+00   9.335594177e+00
      53   7.544991970e+00   2.026437521e+00   9.602132082e+00
      54   7.686691046e+00   2.022845507e+00   9.739850760e+00
      55   7.393492222e+00   2.051058292e+00   9.474656105e+00
      56   7.516394854e+00   2.056168556e+00   9.602664948e+00
      57   7.371616364e+00   2.048552275e+00   9.450198412e+00
      58   7.211942911e+00   2.085804701e+00   9.328275681e+00
      59   7.312388420e+00   2.113917828e+00   9.457222939e+00
      60   7.228871346e+00   2.109986305e+00   9.369461060e+00
      61   7.298045635e+00   2.112570763e+00   9.440772057e+00
      62   7.288924694e+00   2.142196417e+00   9.461586475e+00
      63   7.246726274e+00   2.164380312e+00   9.441456079e+00
      64   7.248468637e+00   2.166772366e+00   9.445265293e+00
      65   7.814277172e+00   2.257321358e+00   1.011105776e+01
      66   7.249104977e+00   2.182147026e+00   9.461650848e+00
      67   7.312701941e+00   2.184499502e+00   9.527519703e+00
      68   7.247011900e+00   2.189433098e+00   9.466561079e+00
      69   7.241376638e+00   2.194263458e+00   9.466696262e+00
      70   7.329621315e+00   2.233524561e+00   9.593411207e+00
      71   7.194941759e+00   2.228904724e+00   9.454169512e+00
      72   7.205263853e+00   2.243083954e+00   9.478691339e+00
      73   7.209728479e+00   2.256768465e+00   9.496866941e+00
      74   7.218042612e+00   2.280755281e+00   9.528903008e+00
      75   7.199831724e+00   2.251102924e+00   9.481162548e+00
      76   7.257586956e+00   2.253153801e+00   9.540862560e+00
      77   7.275845051e+00   2.313153028e+00   9.619258404e+00
      78   7.450652361e+00   2.292162657e+00   9.773077726e+00
      79   7.160756350e+00   2.304911137e+00   1.150943327e+01
      80   7.288539171e+00   2.320083380e+00   9.638715744e+00
      81   7.350210190e+00   2.309866190e+00   9.690130949e+00
      82   7.357640743e+00   2.344732523e+00   9.732297421e+00
      83   7.306518555e+00   2.363024950e+00   9.699724913e+00
      84   7.170979738e+00   2.344662189e+00   9.545967579e+00
      85   7.168649197e+00   2.352104187e+00   9.550716639e+00
      86   7.158615589e+00   2.377540350e+00   9.566520929e+00
      87   7.172532082e+00   2.395239592e+00   9.598694801e+00
      88   7.279075861e+00   2.446881771e+00   9.756404638e+00
      89   7.213171721e+00   2.427633047e+00   9.670779228e+00
      90   7.199817181e+00   2.438504934e+00   9.668515205e+00
      91   7.236782074e+00   2.446932554e+00   9.713774204e+00
      92   7.270524025e+00   2.516799450e+00   9.817662716e+00
      93   7.380705595e+00   2.496213675e+00   9.906766891e+00
      94   7.224001646e+00   2.467313290e+00   9.721696377e+00
      95   7.235475540e+00   2.488877058e+00   9.754237652e+00
      96   7.401656628e+00   2.561689138e+00   9.993778467e+00
      97   7.211550236e+00   2.601526976e+00   9.843096733e+00
      98   7.247333765e+00   2.594822168e+00   9.872009754e+00
      99   7.392399311e+00   2.620074749e+00   1.004354191e+01
     100   7.254393339e+00   2.644168615e+00   9.928433180e+00
     101   7.272741795e+00   2.640012980e+00   9.943082333e+00
     102   7.450447083e+00   2.719455719e+00   1.020014834e+01
     103   7.594615221e+00   2.783407927e+00   1.040831041e+01
     104   7.598531723e+00   2.786839962e+00   1.041533637e+01
     105   7.550082207e+00   2.887371540e+00   1.046727777e+01
     106   7.142599583e+00   2.853112698e+00   1.216747093e+01
     107   7.314502954e+00   2.842934608e+00   1.018770242e+01
     108   7.210401773e+00   2.891621351e+00   1.013207293e+01
     109   7.552140951e+00   2.948652983e+00   1.053085566e+01
     110   7.396945477e+00   2.936235905e+00   1.036357355e+01
     111   7.585530996e+00   3.003837824e+00   1.061938143e+01
     112   7.661873817e+00   2.997625589e+00   1.068992352e+01
     113   7.874351501e+00   3.040777445e+00   1.094515300e+01
     114   7.934363127e+00   3.110205173e+00   1.107428432e+01
     115   8.111769915e+00   3.137770653e+00   1.127995586e+01
     116   8.401485682e+00   3.170000315e+00   1.160169959e+01
     117   8.636396646e+00   3.189636469e+00   1.415877676e+01
     118   8.609773159e+00   3.319094658e+00   1.195915937e+01
     119   9.360416412e+00   3.396388292e+00   1.278690362e+01
     120   9.272317171e+00   3.369089365e+00   1.267138886e+01
     121   9.719746590e+00   3.486339569e+00   1.323657775e+01
     122   9.596025467e+00   3.467100620e+00   1.309332395e+01
     123   9.786714315e+00   3.491458654e+00   1.330859590e+01
     124   1.014877772e+01   3.523775101e+00   1.370374918e+01
     125   1.013164735e+01   3.588244915e+00   1.375003624e+01
     126   1.141099286e+01   3.657566786e+00   1.509917521e+01
     127   1.129441476e+01   3.645544529e+00   1.497085547e+01
     128   1.171192670e+01   3.750119448e+00   1.549227762e+01
     129   1.257202220e+01   3.804214239e+00   1.640682554e+01
     130   1.888567543e+01   3.770641088e+00   2.268699312e+01
     131   1.864187264e+01   3.739039421e+00   2.241146040e+01
     132   1.848428559e+01   3.953313589e+00   2.246803284e+01
     133   1.911861920e+01   4.031576633e+00   2.318073678e+01
     134   1.958630848e+01   4.284584999e+00   2.390133452e+01
     135   1.899302173e+01   4.171632528e+00   2.319511557e+01
     136   1.951664543e+01   4.420840502e+00   2.396797347e+01
     137   2.030208945e+01   4.417137623e+00   2.474965239e+01
     138   2.020875168e+01   4.502970219e+00   2.474186206e+01
     139   1.921225691e+01   4.548728943e+00   2.379141212e+01
     140   2.003967547e+01   4.620667219e+00   2.469093537e+01
     141   1.966042590e+01   4.508026838e+00   2.419889212e+01
     142   1.955815172e+01   4.761367321e+00   2.435001731e+01
     143   2.053176951e+01   4.762998819e+00   2.532530689e+01
     144   2.118692708e+01   4.890451193e+00   2.610821700e+01
     145   2.175660872e+01   5.040433168e+00   2.682817912e+01
     146   2.086048937e+01   5.170151472e+00   2.606155372e+01
     147   1.079504895e+01   5.203896999e+00   1.859871054e+01
     148   2.404827571e+01   5.812889814e+00   2.989155149e+01
     149   2.613645792e+01   5.809863329e+00   3.197782731e+01
     150   2.614268780e+01   6.085709810e+00   3.226001787e+01
     151   9.636201382e+00   5.941933155e+00   1.834837651e+01
