       1   2.856430531e+00   7.582705021e-01   3.649108887e+00
       2   2.827749252e+00   7.497327328e-01   3.607465029e+00
       3   2.819992781e+00   7.333779335e-01   3.583635092e+00
       4   2.864934444e+00   7.632060051e-01   3.657939434e+00
       5   2.861707687e+00   7.364010811e-01   3.627454042e+00
       6   2.903936148e+00   7.581403255e-01   3.691556215e+00
       7   2.889834881e+00   7.626717091e-01   3.682487249e+00
       8   2.902036190e+00   7.650282383e-01   3.696577072e+00
       9   2.896254539e+00   7.651185989e-01   3.691177607e+00
      10   2.903777122e+00   7.439994812e-01   3.677475452e+00
      11   2.901236773e+00   7.529463768e-01   3.684652328e+00
      12   2.894147635e+00   7.562506199e-01   3.680284500e+00
      13   2.899700880e+00   7.684273720e-01   3.697793961e+00
      14   2.832090139e+00   7.366950512e-01   3.598584652e+00
      15   2.825466394e+00   7.466807365e-01   3.601865530e+00
      16   2.837746859e+00   7.493026257e-01   3.616951466e+00
      17   2.825574160e+00   7.488338947e-01   3.604299307e+00
      18   2.837018013e+00   7.606511116e-01   3.627634764e+00
      19   2.837354660e+00   7.561593056e-01   3.622949600e+00
      20   2.829649210e+00   7.670230865e-01   3.627472162e+00
      21   2.819600821e+00   7.447264194e-01   3.593741894e+00
      22   2.821823835e+00   7.412943840e-01   3.593041182e+00
      23   2.818151712e+00   7.372989655e-01   3.584964275e+00
      24   2.826220751e+00   7.810597420e-01   3.636706591e+00
      25   2.822599888e+00   7.259888649e-01   3.578161001e+00
      26   2.836225271e+00   7.437989712e-01   3.610227585e+00
      27   2.825525522e+00   7.884440422e-01   3.643597603e+00
      28   2.833085775e+00   7.666902542e-01   3.629344940e+00
      29   2.823394299e+00   7.913384438e-01   3.644248247e+00
      30   2.820861578e+00   7.698628902e-01   3.620935917e+00
      31   2.814429760e+00   7.658681870e-01   3.610166073e+00
      32   2.822827101e+00   7.629346848e-01   3.616115808e+00
      33   2.817899227e+00   7.466144562e-01   3.594545126e+00
      34   2.818283319e+00   7.291903496e-01   3.577574968e+00
      35   2.827817917e+00   7.405364513e-01   3.598050356e+00
      36   2.826109171e+00   7.638943195e-01   3.620025873e+00
      37   2.828642368e+00   7.931156158e-01   3.651737928e+00
      38   2.822490454e+00   7.718970776e-01   3.624620438e+00
      39   2.818340778e+00   7.602863312e-01   3.608469009e+00
      40   2.824068785e+00   7.553889751e-01   3.609293699e+00
      41   2.827398300e+00   7.666659355e-01   3.624074459e+00
      42   2.818754196e+00   8.079223633e-01   3.658344984e+00
      43   2.825077772e+00   7.972481251e-01   3.652430058e+00
      44   2.824937105e+00   7.598502636e-01   3.614763975e+00
      45   2.835433006e+00   7.812974453e-01   3.646451235e+00
      46   2.819446802e+00   7.642533779e-01   3.613727808e+00
      47   2.785284996e+00   7.663445473e-01   3.581728458e+00
      48   2.782442808e+00   7.628490925e-01   3.575007439e+00
      49   2.771922827e+00   7.687249184e-01   3.570796013e+00
      50   2.763865948e+00   7.562487125e-01   3.549815416e+00
      51   2.779600859e+00   8.065109253e-01   3.616469145e+00
      52   2.765791416e+00   7.529931068e-01   3.561169147e+00
      53   2.777664661e+00   7.908351421e-01   3.598652363e+00
      54   2.780626059e+00   7.939906120e-01   3.604798794e+00
      55   2.712955236e+00   8.112199306e-01   3.554373741e+00
      56   2.719997644e+00   8.329730034e-01   3.582532883e+00
      57   2.724615097e+00   7.884728909e-01   3.543012857e+00
      58   2.723546267e+00   8.246662617e-01   3.578045130e+00
      59   2.720790148e+00   8.037934303e-01   3.554654837e+00
      60   2.727631569e+00   8.110682964e-01   3.569125891e+00
      61   2.721805334e+00   8.490433693e-01   3.601094246e+00
      62   2.724124432e+00   8.538854122e-01   3.608407736e+00
      63   2.719836235e+00   8.248250484e-01   3.574161530e+00
      64   2.726569176e+00   8.335475922e-01   3.590454102e+00
      65   2.784417629e+00   8.477742672e-01   3.662311792e+00
      66   2.778063536e+00   8.421728611e-01   3.649872303e+00
      67   2.781697750e+00   8.385899067e-01   3.649782419e+00
      68   2.777313471e+00   8.818154335e-01   3.689302206e+00
      69   2.786543608e+00   8.470456600e-01   3.663186312e+00
      70   2.777837515e+00   9.232308865e-01   3.731057405e+00
      71   2.783358335e+00   8.744781017e-01   3.687370777e+00
      72   2.779471397e+00   8.403432369e-01   3.649418592e+00
      73   2.769855022e+00   8.483717442e-01   3.647843122e+00
      74   2.728958130e+00   8.404386044e-01   3.598937988e+00
      75   2.783259153e+00   9.352579117e-01   3.748780966e+00
      76   2.731097221e+00   8.594787121e-01   3.620644331e+00
      77   2.742788076e+00   8.587925434e-01   3.631397247e+00
      78   2.734644651e+00   9.232766628e-01   3.687891483e+00
      79   2.728312731e+00   8.431863785e-01   5.029303074e+00
      80   2.721644640e+00   8.635740280e-01   3.615545034e+00
      81   2.717692375e+00   8.810567856e-01   3.628976107e+00
      82   2.729327679e+00   9.323439598e-01   3.691066980e+00
      83   2.728396177e+00   8.658485413e-01   3.623919487e+00
      84   2.676390171e+00   8.862161636e-01   3.592536211e+00
      85   2.684223175e+00   8.794393539e-01   3.593786955e+00
      86   2.678254604e+00   8.817024231e-01   3.589865446e+00
      87   2.731348991e+00   8.664362431e-01   3.628144503e+00
      88   2.737210512e+00   8.853669167e-01   3.652568579e+00
      89   2.736188889e+00   9.356677532e-01   3.701587200e+00
      90   2.742361784e+00   8.410964012e-01   3.613824844e+00
      91   2.735180140e+00   8.607659340e-01   3.625469208e+00
      92   2.735347986e+00   8.637521267e-01   3.629457712e+00
      93   2.741377115e+00   8.513593674e-01   3.622879505e+00
      94   2.682420015e+00   8.696703911e-01   3.581953764e+00
      95   2.683345795e+00   8.927743435e-01   3.606296062e+00
      96   2.680933714e+00   8.828849792e-01   3.594068527e+00
      97   2.842651844e+00   9.162018299e-01   3.788937807e+00
      98   2.864372015e+00   9.139783382e-01   3.808452606e+00
      99   2.842083931e+00   9.377913475e-01   3.810037613e+00
     100   2.838273525e+00   9.734461308e-01   3.841518641e+00
     101   2.850791693e+00   9.323248863e-01   3.812724829e+00
     102   2.902979136e+00   9.146707058e-01   3.847819567e+00
     103   2.909681559e+00   9.636969566e-01   3.903378248e+00
     104   2.882992029e+00   9.741365910e-01   3.888303280e+00
     105   2.959519863e+00   1.026262999e+00   4.015881062e+00
     106   2.989611626e+00   1.003646612e+00   5.402919292e+00
     107   2.999780893e+00   9.714822769e-01   4.000918150e+00
     108   3.050800562e+00   1.024194002e+00   4.104834557e+00
     109   3.108519554e+00   1.036129713e+00   4.174559355e+00
     110   3.137512445e+00   9.680793285e-01   4.135230064e+00
     111   3.408454895e+00   1.015527248e+00   4.453715086e+00
     112   3.418129444e+00   1.004645109e+00   4.453320265e+00
     113   3.476893425e+00   1.065721273e+00   4.572748184e+00
     114   3.518694639e+00   1.068881989e+00   4.617833614e+00
     115   3.591651917e+00   1.102316141e+00   4.724509239e+00
     116   3.565024137e+00   1.139840603e+00   4.734950066e+00
     117   3.777743578e+00   1.133745909e+00   6.349881887e+00
     118   3.913005114e+00   1.075355291e+00   5.018441677e+00
     119   4.198235750e+00   1.117167711e+00   5.345733881e+00
     120   4.423770905e+00   1.118117332e+00   5.571986198e+00
     121   4.448107481e+00   1.113885880e+00   5.591996431e+00
     122   4.452712297e+00   1.208449364e+00   5.691395760e+00
     123   4.182193041e+00   1.098979950e+00   5.311588287e+00
     124   4.404776812e+00   1.183141947e+00   5.618593216e+00
     125   5.449735403e+00   1.206155777e+00   6.685753822e+00
     126   5.689086199e+00   1.196889162e+00   6.916047335e+00
     127   5.540314674e+00   1.209632158e+00   6.780422926e+00
     128   5.857126951e+00   1.223795414e+00   7.111568213e+00
     129   6.678792477e+00   1.239295959e+00   7.948271036e+00
     130   6.807601452e+00   1.251059055e+00   8.088968515e+00
     131   7.420639753e+00   1.285014868e+00   8.735964775e+00
     132   7.768049479e+00   1.284521580e+00   9.082780838e+00
     133   7.313823938e+00   1.274374962e+00   8.618698835e+00
     134   8.178305864e+00   1.311854601e+00   9.520736694e+00
     135   8.310151100e+00   1.331317902e+00   9.671904802e+00
     136   9.877962828e+00   1.361905813e+00   1.127029896e+01
     137   9.311821938e+00   1.356676102e+00   1.070703268e+01
     138   9.123972654e+00   1.359731197e+00   1.051394725e+01
     139   9.304342747e+00   1.375209332e+00   1.070994925e+01
     140   9.359874249e+00   1.377184629e+00   1.076770949e+01
     141   9.278216839e+00   1.372802496e+00   1.068174458e+01
     142   9.337081671e+00   1.396210670e+00   1.076403332e+01
     143   1.021260452e+01   1.425596714e+00   1.166921735e+01
     144   9.314140797e+00   1.436606407e+00   1.078213882e+01
     145   9.102644444e+00   1.492089272e+00   1.062623048e+01
     146   1.001492691e+01   1.485595703e+00   1.153209686e+01
     147   6.484388590e+00   1.515524864e+00   9.638692617e+00
     148   1.088241100e+01   1.517675877e+00   1.243074203e+01
     149   1.262647367e+01   1.505605698e+00   1.416399479e+01
     150   1.332308841e+01   1.531167746e+00   1.488603878e+01
     151   5.368405104e+00   1.577226162e+00   8.459510326e+00
